CACHE type 5 produced by analog 6.0/Unix. Do not modify or delete!
T	0	0	167	114	1071	566	181439
D	29723839	29732392
20641	159	14	2	2414
20641	160	10	10	8412
20641	161	2	2	1416
20641	164	5	1	5083
20641	165	1	1	1372
20641	166	21	7	11371
20641	167	5	1	5079
20641	170	3	1	3020
20641	171	6	2	5789
20641	172	3	3	2106
20641	173	2	2	2733
20641	174	3	3	2784
20641	175	1	1	710
20641	176	1	1	700
20641	177	1	1	700
20641	178	2	2	2065
20641	179	1	1	700
20641	180	1	1	702
20641	181	1	1	704
20641	182	1	1	700
20641	183	1	1	710
20641	184	1	1	706
20641	185	3	3	2120
20641	187	1	1	704
20641	188	1	1	708
20641	190	1	1	555
20641	191	2	2	1110
20641	192	2	2	1261
20641	194	1	1	704
20641	195	3	3	2122
20641	196	3	3	2113
20641	198	2	2	1415
20641	200	1	1	700
20641	201	1	1	706
20641	211	2	2	1416
20641	214	2	2	1420
20641	217	1	1	700
20641	218	1	1	0
20641	221	3	3	2116
20641	223	1	1	700
20641	227	1	1	704
20641	233	1	1	704
20641	252	5	1	4521
20641	257	1	1	700
20641	266	1	1	700
20641	276	1	1	704
20642	3	1	1	704
20642	14	1	1	1361
20642	18	1	1	700
20642	28	1	1	700
20642	36	1	1	704
20642	46	1	1	700
20642	50	1	1	700
20642	54	1	1	700
20642	55	2	2	2069
20642	58	4	2	3724
20642	59	3	1	3014
20642	61	1	1	565
20642	73	1	1	700
20642	78	1	1	700
20642	81	1	1	704
20642	83	1	1	700
20642	99	7	4	17411
20642	105	1	1	706
20642	114	2	2	2078
20642	116	1	1	700
20642	119	1	1	700
20642	125	1	1	704
20642	134	1	1	21922
20642	140	1	1	21922
20642	144	1	1	1148
20643	114	1	0	3562
20644	72	1	0	3562
1	0	0	1	0	0	29726702	0	0	29726702	0	0	/buds1.php
1	0	0	1	1	0	29726583	29724058	0	29726583	29724058	0	/epinyins.php
1	0	0	1	0	0	29727153	0	0	29727153	0	0	/wdone1.php
1	0	0	2	2	0	29728517	29724889	0	29725931	29724557	0	/4PJcpMFsD8B.php
1	0	0	1	0	0	29726703	0	0	29726703	0	0	/file17.php
1	0	0	0	1	0	0	29725237	0	0	29725237	0	/Bean.php
1	0	0	1	0	0	29727153	0	0	29727153	0	0	/wp-content/uploads/2021/02/index.php
1	0	0	4	1	0	29731736	29723999	0	29725830	29723999	0	/sftp-config.json
1	0	0	1	1	0	29725653	29724671	0	29725653	29724671	0	/df.php
1	0	0	1	0	0	29726583	0	0	29726583	0	0	/wp-admin/user/index.php
1	0	0	0	1	0	0	29723940	0	0	29723940	0	/b1ack.php
1	0	0	1	0	0	29725931	0	0	29725931	0	0	/j260624_13.php
1	0	0	1	0	0	29727153	0	0	29727153	0	0	/xxa.php
1	0	0	1	0	0	29727153	0	0	29727153	0	0	/sixxis.php
1	0	0	0	1	0	0	29725237	0	0	29725237	0	/wp-includes/wp-class.php
1	0	0	0	1	0	0	29724671	0	0	29724671	0	/class-db.php
1	0	0	1	0	0	29725652	0	0	29725652	0	0	/green.php
1	0	0	1	0	0	29726703	0	0	29726703	0	0	/1337.php
1	0	0	2	1	0	29728517	29724888	0	29727153	29724888	0	/bajah.php
1	0	0	1	1	0	29727153	29725237	0	29727153	29725237	0	/kq1.php
1	0	0	1	0	0	29726703	0	0	29726703	0	0	/des.php
1	0	0	0	1	0	0	29724205	0	0	29724205	0	/.well-known/wp-conflg.php?p=
1	0	0	1	0	0	29726583	0	0	29726583	0	0	/wp-includes/ID3/
1	0	0	1	1	0	29725653	29724671	0	29725653	29724671	0	/vanta.php
1	0	0	0	1	0	0	29725237	0	0	29725237	0	/opsqt.php
1	0	0	1	0	0	29726703	0	0	29726703	0	0	/rum.php
1	0	0	1	1	0	29726583	29724058	0	29726583	29724058	0	/wp-includes/IXR/index.php
1	0	0	0	1	0	0	29724732	0	0	29724732	0	/admin/plugins/elfinder/php/connector.php
1	0	0	1	1	0	29728517	29724889	0	29728517	29724889	0	/wp-includes/blocks/audi/
1	0	0	1	0	0	29726583	0	0	29726583	0	0	/sf.php
1	0	0	1	0	0	29726583	0	0	29726583	0	0	/wp-includes/blocks/shortcode/index.php
1	0	0	5	3	0	29727049	29723874	0	29725633	29723841	0	/.env
1	0	0	5	3	0	29728517	29725237	0	29725931	29724889	0	/wp-content/admin.php
1	0	0	0	1	0	0	29723940	0	0	29723940	0	/asw.php
1	0	0	0	1	0	0	29723940	0	0	29723940	0	/wp-link-xt.php
1	0	0	0	1	0	0	29724557	0	0	29724557	0	/667.php
1	0	0	3	2	0	29728517	29725237	0	29726583	29724889	0	/aa.php
1	0	0	1	0	0	29726702	0	0	29726702	0	0	/wp-omao.php
1	5	0	0	0	29723872	0	0	29723872	0	0	435	/.well-known/acme-challenge/4tKZAn6wrXpx0T9rFMcoPzVHlUCr37h14qkzUWFf1qI
1	0	0	2	1	0	29728517	29724889	0	29725931	29724889	0	/wp-admin/css/colors/sunrise/
1	0	0	1	0	0	29726583	0	0	29726583	0	0	/wp-includes/images/smilies/about.php
1	0	0	1	1	0	29726583	29724058	0	29726583	29724058	0	/xmrlpc.php
1	0	0	0	1	0	0	29724889	0	0	29724889	0	/sites.php?p=
1	0	0	1	1	0	29727154	29725237	0	29727154	29725237	0	/wp-includes/l10n/themes.php
1	0	0	1	0	0	29731283	0	0	29731283	0	0	/assets/templates.js?v=1786910000
1	1	0	0	0	29723871	0	0	29723871	0	0	64	/.well-known/acme-challenge/-0W0YL_0BYHY6_ARX6PNG83FOC0JQ4LQ
1	0	0	2	0	0	29727153	0	0	29726582	0	0	/public/css.php
1	0	0	3	1	0	29728517	29724889	0	29725931	29724889	0	/xyn.php
1	0	0	0	1	0	0	29725237	0	0	29725237	0	/wp-includes/js/dist/sc.php
1	0	0	1	0	0	29727153	0	0	29727153	0	0	/dropdown.php
1	0	0	0	1	0	0	29725237	0	0	29725237	0	/jvcpa.php
1	0	0	0	1	0	0	29725237	0	0	29725237	0	/wp-includes/radio.php
1	0	0	0	1	0	0	29725237	0	0	29725237	0	/wp-cloak.php
1	0	0	0	1	0	0	29725237	0	0	29725237	0	/wp-content/plugins/dummyyummy/wp-signup.php
1	0	0	0	1	0	0	29724889	0	0	29724889	0	/memberfuns.php
1	0	0	1	0	0	29725931	0	0	29725931	0	0	/puc.php
1	0	0	2	1	0	29728517	29724889	0	29725931	29724889	0	/.well-known/about.php
1	0	0	0	1	0	0	29724889	0	0	29724889	0	/class.php
1	0	0	2	6	0	29731718	29724975	0	29726493	29723841	0	/cgi-bin/
1	0	0	1	1	0	29728518	29724889	0	29728518	29724889	0	/users.php
1	0	0	1	0	0	29731050	0	0	29731050	0	0	/ads.txt?45.92.86.5
1	0	0	1	0	0	29728585	0	0	29728585	0	0	/images/baforms/uploads/form-2/vp_67tul1.php
1	0	0	1	0	0	29725931	0	0	29725931	0	0	/w3php
1	0	0	0	1	0	0	29724671	0	0	29724671	0	/GA13.php
1	0	0	0	1	0	0	29725237	0	0	29725237	0	/wp-includes/pomo/css_.php
1	0	0	2	2	0	29729961	29724730	0	29725687	29724134	0	/wordpress/
1	0	0	0	1	0	0	29725237	0	0	29725237	0	/data.php
1	0	0	2	1	0	29729961	29724134	0	29725687	29724134	0	/wp/
1	0	0	3	1	0	29728517	29724889	0	29725931	29724889	0	/wefile.php
1	0	0	1	0	0	29726268	0	0	29726268	0	0	/UGSNd.php
1	0	0	0	1	0	0	29725237	0	0	29725237	0	/shell.php
1	0	0	1	0	0	29726702	0	0	29726702	0	0	/wp-wlx.php
1	0	0	1	0	0	29725931	0	0	29725931	0	0	/wpconf.php
1	0	0	1	0	0	29725931	0	0	29725931	0	0	/ppp.php
1	0	0	1	1	0	29725653	29724671	0	29725653	29724671	0	/DKV2ubCdefault.php
1	0	0	3	1	0	29728517	29724889	0	29725931	29724889	0	/w3lls.php
1	0	0	1	0	0	29725931	0	0	29725931	0	0	/aa2.php
1	0	0	2	0	0	29727153	0	0	29725931	0	0	/v543.php
1	0	0	3	1	0	29726702	29724671	0	29725653	29724671	0	/sql.php
1	0	0	1	0	0	29726583	0	0	29726583	0	0	/wp-includes/rest-api/
1	0	0	2	1	0	29728517	29724889	0	29725931	29724889	0	/wp-admin/css/colour.php
1	0	0	2	3	0	29728518	29725237	0	29726584	29724058	0	/item.php
1	0	0	1	0	0	29726583	0	0	29726583	0	0	/index/function.php
1	0	0	1	1	0	29728517	29724889	0	29728517	29724889	0	/file31.php
1	0	0	1	0	0	29726582	0	0	29726582	0	0	/lock360.php
1	0	0	0	3	0	0	29723874	0	0	29723842	0	/@vite/env
1	0	0	1	0	0	29726702	0	0	29726702	0	0	/xper1.php
1	0	0	1	0	0	29727152	0	0	29727152	0	0	/file61.php
1	1	0	0	0	29723839	0	0	29723839	0	0	64	/.well-known/acme-challenge/T9_OYAC7_-CYG9W74VIJD9QUKW8W-X2G
1	0	0	5	1	0	29728517	29724889	0	29725652	29724889	0	/dr.php
1	0	0	1	0	0	29725931	0	0	29725931	0	0	/k3.php
1	0	0	1	0	0	29726702	0	0	29726702	0	0	/wp-sing.php
1	0	0	1	2	0	29726584	29724205	0	29726584	29724058	0	/wp-admin/css/index.php
1	0	0	0	1	0	0	29725237	0	0	29725237	0	/wp-includes/0iWhh.php
1	0	0	1	0	0	29727153	0	0	29727153	0	0	/autoload_classmap/function.php
1	0	0	1	1	0	29725653	29724671	0	29725653	29724671	0	/echkm.php
1	0	0	0	1	0	0	29725237	0	0	29725237	0	/wp-includes/wp-type.php
1	0	0	1	1	0	29725931	29724889	0	29725931	29724889	0	/footer.php
1	0	0	0	1	0	0	29723940	0	0	29723940	0	/cimex.php
1	0	0	4	2	0	29728517	29724889	0	29725931	29724889	0	/wp-includes/assets/
1	0	0	0	1	0	0	29725237	0	0	29725237	0	/wp-admin/maint/yes.php
1	0	0	1	2	0	29725653	29724889	0	29725653	29724671	0	/domvf.php
1	0	0	1	0	0	29726703	0	0	29726703	0	0	/moo.php
1	0	0	1	0	0	29726702	0	0	29726702	0	0	/Okxob.php
1	0	0	0	1	0	0	29725237	0	0	29725237	0	/.well-known/wp-2019.php
1	0	0	1	0	0	29726703	0	0	29726703	0	0	/mr.php
1	0	0	1	0	0	29725652	0	0	29725652	0	0	/wp-includes/blocks/buttons/index.php
1	0	0	1	1	0	29727152	29725237	0	29727152	29725237	0	/wp-blink.php
1	0	0	0	1	0	0	29725237	0	0	29725237	0	/wpurl.php
1	0	0	1	0	0	29726583	0	0	29726583	0	0	/wk/index.php
1	1	0	0	0	29723871	0	0	29723871	0	0	64	/.well-known/acme-challenge/SC-Z45S15BRZFNTN0DHF7CU8M6VK40IZ
1	0	0	1	0	0	29727153	0	0	29727153	0	0	/a7.php
1	0	0	1	0	0	29725931	0	0	29725931	0	0	/wp-includes/sodium_compat/
1	0	0	1	0	0	29727152	0	0	29727152	0	0	/sid4.php
1	0	0	1	0	0	29726583	0	0	29726583	0	0	/cah.php
1	0	0	1	1	0	29728518	29724889	0	29728518	29724889	0	/1c.php
1	0	0	0	3	0	0	29723874	0	0	29723841	0	/___proxy_subdomain_cpanel
1	0	0	1	1	0	29725931	29724889	0	29725931	29724889	0	/simple.php
1	0	0	5	2	0	29726702	29724889	0	29725653	29724671	0	/1.php
1	0	0	1	0	0	29725931	0	0	29725931	0	0	/file25.php
1	0	0	1	1	0	29727153	29725237	0	29727153	29725237	0	/solo1.php
1	0	0	0	1	0	0	29724889	0	0	29724889	0	/nc4.php
1	0	0	1	0	0	29731718	0	0	29731718	0	0	/files/
1	0	0	2	1	0	29728517	29724889	0	29725931	29724889	0	/wp-load.php
1	0	0	1	0	0	29725931	0	0	29725931	0	0	/199.php
1	0	0	0	2	0	0	29725237	0	0	29724889	0	/d61.php
1	0	0	1	0	0	29726583	0	0	29726583	0	0	/wp-includes/ID3/index.php
1	0	0	2	4	0	29728518	29724889	0	29726583	29724058	0	/file.php
1	0	0	1	0	0	29725931	0	0	29725931	0	0	/wp-includes/blocks/buttons/
1	0	0	1	0	0	29726582	0	0	29726582	0	0	/alfa.php
1	0	0	4	1	0	29728517	29724889	0	29725652	29724889	0	/ccou.php
1	0	0	1	0	0	29726703	0	0	29726703	0	0	/assacc.php
1	0	0	1	0	0	29726703	0	0	29726703	0	0	/law.php
1	0	0	1	0	0	29726583	0	0	29726583	0	0	/lv.php
1	0	0	1	0	0	29729550	0	0	29729550	0	0	/?45.92.86.5
1	0	0	1	0	0	29726583	0	0	29726583	0	0	/01.php
1	0	0	1	0	0	29726268	0	0	29726268	0	0	/menu.php
1	0	0	1	0	0	29726703	0	0	29726703	0	0	/pm.php
1	0	0	0	1	0	0	29725237	0	0	29725237	0	/wp-ws68.php
1	0	0	1	1	0	29725931	29724889	0	29725931	29724889	0	/a2.php
1	0	0	0	1	0	0	29725237	0	0	29725237	0	/wp-blog-header.php?p=
1	9	0	0	0	29724975	0	0	29723862	0	0	3418	/_autoindex/assets/js/tablesort.number.js
1	0	0	1	1	0	29728517	29724888	0	29728517	29724888	0	/test.php
1	0	0	2	3	0	29727153	29725237	0	29726703	29724671	0	/w1px.php
1	0	0	9	2	0	29731994	29724757	0	29725309	29723858	0	/ads.txt
1	0	0	0	1	0	0	29725237	0	0	29725237	0	/super.php
1	0	0	3	1	0	29728517	29724889	0	29725931	29724889	0	/wp-includes/l10n/
1	0	0	1	0	0	29726583	0	0	29726583	0	0	/wp-good.php
1	0	0	3	1	0	29728517	29724889	0	29725931	29724889	0	/ms-edit.php
1	0	0	2	1	0	29728517	29724888	0	29725931	29724888	0	/wp-includes/Text/
1	0	0	1	0	0	29727152	0	0	29727152	0	0	/xpwer1.php
1	0	0	0	1	0	0	29725237	0	0	29725237	0	/wp-includes/admin-bar.php
1	0	0	1	0	0	29726583	0	0	29726583	0	0	/wp-content/x/index.php
1	0	0	0	1	0	0	29725237	0	0	29725237	0	/rymmm.php
1	0	0	0	3	0	0	29723873	0	0	29723841	0	/server-status
1	0	0	2	0	0	29727152	0	0	29725931	0	0	/wp-temp.php
1	0	0	1	0	0	29726702	0	0	29726702	0	0	/b.php
1	0	0	3	1	0	29728517	29724889	0	29725931	29724889	0	/wp-includes/js/jquery/
1	0	0	1	0	0	29725931	0	0	29725931	0	0	/wp-admin/css/colors/blue/
1	0	0	1	0	0	29726583	0	0	29726583	0	0	/wp-content/uploads/index.php
1	0	0	1	0	0	29726703	0	0	29726703	0	0	/zeal.php
1	0	0	2	1	0	29728517	29724888	0	29725931	29724888	0	/blurbs.php
1	0	0	1	0	0	29725931	0	0	29725931	0	0	/cgi-bin/admin.php
1	0	0	1	1	0	29728517	29724888	0	29728517	29724888	0	/cream1.php
1	0	0	1	0	0	29726702	0	0	29726702	0	0	/wplogbak.php
1	0	0	0	1	0	0	29725237	0	0	29725237	0	/ova.php
1	0	0	2	1	0	29729961	29724134	0	29725687	29724134	0	/blog/
1	0	0	1	0	0	29726703	0	0	29726703	0	0	/wp-xx.php
1	0	0	1	0	0	29726268	0	0	29726268	0	0	/shx.php
1	0	0	0	3	0	0	29723874	0	0	29723841	0	/.DS_Store
1	0	0	1	0	0	29726703	0	0	29726703	0	0	/wp-miiss.php
1	0	0	0	1	0	0	29724889	0	0	29724889	0	/v2.php
1	0	0	1	0	0	29725931	0	0	29725931	0	0	/yyu.php
1	0	0	1	0	0	29726703	0	0	29726703	0	0	/camara.php
1	0	0	0	1	0	0	29725237	0	0	29725237	0	/museu/yhweq.php
1	0	0	1	0	0	29725931	0	0	29725931	0	0	/2P.php
1	0	0	0	1	0	0	29724557	0	0	29724557	0	/bdroot.php
1	0	0	1	0	0	29725713	0	0	29725713	0	0	/assets/templates.js?v=2000
1	0	0	1	0	0	29726703	0	0	29726703	0	0	/noe.php
1	0	0	0	3	0	0	29723874	0	0	29723842	0	/telescope/requests
1	0	0	1	0	0	29726583	0	0	29726583	0	0	/404.php
1	0	0	2	0	0	29727152	0	0	29726702	0	0	/txets.php
1	0	0	2	1	0	29728517	29724889	0	29725931	29724889	0	/f6.php
1	0	0	0	1	0	0	29725237	0	0	29725237	0	/uploads/update_with_pics.php
1	0	0	0	1	0	0	29724889	0	0	29724889	0	/dvjul.php
1	0	0	1	0	0	29728868	0	0	29728868	0	0	/modules/mod_impact/elements/upload_file.php
1	0	0	2	0	0	29727153	0	0	29725931	0	0	/crgio.php
1	0	0	2	1	0	29728517	29724889	0	29725931	29724889	0	/wp-includes/ID3/about.php
1	0	0	1	0	0	29727153	0	0	29727153	0	0	/wp-includes/css/
1	0	0	2	0	0	29727153	0	0	29727152	0	0	/wp-includes/css/index.php
1	0	0	4	1	0	29728517	29724889	0	29725931	29724889	0	/x.php
1	0	0	2	1	0	29725931	29724889	0	29725652	29724889	0	/coffexium.php
1	0	0	0	1	0	0	29724889	0	0	29724889	0	/il.php
1	0	0	1	0	0	29727153	0	0	29727153	0	0	/wert.php
1	0	0	0	3	0	0	29723874	0	0	29723842	0	/debug/default/view?panel=config
1	0	0	1	0	0	29726583	0	0	29726583	0	0	/wp-admin/js/widgets/
1	0	0	1	0	0	29726583	0	0	29726583	0	0	/wp-includes/js/tinymce/plugins/compat3x/css/
1	0	0	0	1	0	0	29725237	0	0	29725237	0	/uploads/fungsi.php
1	0	0	1	0	0	29726702	0	0	29726702	0	0	/xSx.php
1	0	0	2	0	0	29727153	0	0	29726703	0	0	/19.php
1	0	0	1	0	0	29726702	0	0	29726702	0	0	/harvestry.php
1	0	0	6	0	0	29728586	0	0	29728585	0	0	/images/baforms/vp67tul1.php
1	0	0	0	1	0	0	29725237	0	0	29725237	0	/wp-includes/wp-includes/admin-bar.php
1	0	0	6	0	0	29728586	0	0	29728585	0	0	/images/vp67tul1.php
1	0	0	1	0	0	29725931	0	0	29725931	0	0	/waf.php
1	0	0	1	0	0	29725931	0	0	29725931	0	0	/xenon1337.php
1	0	0	2	0	0	29726583	0	0	29726268	0	0	/tes.php
1	0	0	1	1	0	29725653	29724671	0	29725653	29724671	0	/wp-menhu.php
1	0	0	0	1	0	0	29725237	0	0	29725237	0	/wp-includes/BVeA9.php
1	0	0	1	0	0	29726583	0	0	29726583	0	0	/0x.php
1	0	0	2	1	0	29728517	29724889	0	29725931	29724889	0	/wp-blog.php
1	0	0	3	1	0	29727153	29724889	0	29725931	29724889	0	/xwpg.php
1	0	0	2	1	0	29728518	29724889	0	29725931	29724889	0	/bob.php
1	0	0	0	1	0	0	29725237	0	0	29725237	0	/ffhma.php
1	0	0	1	1	0	29728517	29724889	0	29728517	29724889	0	/modules/mod_simplefileuploadv1.3/elements/filemanager.php?p=
1	0	0	1	0	0	29727154	0	0	29727154	0	0	/semiirrep.php
1	0	0	0	1	0	0	29724889	0	0	29724889	0	/f35.update.php
1	0	0	1	0	0	29725931	0	0	29725931	0	0	/xamp.php
1	0	0	1	0	0	29726583	0	0	29726583	0	0	/wp-includes/
1	0	0	0	1	0	0	29725237	0	0	29725237	0	/wp-caches.php
1	0	0	1	0	0	29726702	0	0	29726702	0	0	/cc13.php
1	0	0	1	0	0	29726582	0	0	29726582	0	0	/wp-admin/css/colors/
1	0	0	1	1	0	29726583	29724058	0	29726583	29724058	0	/wp-admin/network/
1	0	0	0	1	0	0	29725237	0	0	29725237	0	/zznmg.php
1	0	0	0	1	0	0	29725237	0	0	29725237	0	/asasxe.php
1	0	0	1	0	0	29726703	0	0	29726703	0	0	/xex.php
1	0	0	1	0	0	29726703	0	0	29726703	0	0	/h8h9.php
1	0	0	1	0	0	29728586	0	0	29728586	0	0	/images/baforms/uploads/form-3/vp_67tul1.php
1	0	0	0	1	0	0	29724671	0	0	29724671	0	/rubly.php
1	0	0	1	0	0	29726582	0	0	29726582	0	0	/wp-content.php.php
1	0	0	0	1	0	0	29725237	0	0	29725237	0	/wp-includes/certificates/bak.php
1	0	0	0	1	0	0	29725237	0	0	29725237	0	/wp-includes/jvc.php
1	0	0	1	0	0	29726702	0	0	29726702	0	0	/geforce.php
1	0	0	0	3	0	0	29723874	0	0	29723842	0	/api/graphql
1	0	0	1	0	0	29726582	0	0	29726582	0	0	/gecko-new.php
1	0	0	1	0	0	29727152	0	0	29727152	0	0	/sump1.php
1	0	0	0	3	0	0	29723874	0	0	29723842	0	/actuator/env
1	0	0	1	0	0	29726703	0	0	29726703	0	0	/qlex1.php
1	0	0	0	1	0	0	29724671	0	0	29724671	0	/mj2.php
1	0	0	2	1	0	29728517	29724889	0	29725931	29724889	0	/8.php
1	0	0	1	0	0	29726703	0	0	29726703	0	0	/fe5.php
1	0	0	1	0	0	29727153	0	0	29727153	0	0	/zxcs.php
1	0	0	4	2	0	29727153	29724889	0	29725931	29724058	0	/wp.php
1	0	0	2	1	0	29728518	29724889	0	29725931	29724889	0	/177.php
1	0	0	2	1	0	29726583	29724205	0	29725931	29724205	0	/wp-content/index.php
1	0	0	0	1	0	0	29725237	0	0	29725237	0	/readme.php
1	0	0	1	0	0	29727153	0	0	29727153	0	0	/setup.php
1	0	0	1	0	0	29725931	0	0	29725931	0	0	/k5.php
1	0	0	1	0	0	29726702	0	0	29726702	0	0	/xda.php
1	0	0	3	0	0	29726268	0	0	29725652	0	0	/xstelth.php
1	0	0	0	1	0	0	29724889	0	0	29724889	0	/qyamb.php
1	0	0	2	2	0	29727153	29725237	0	29725931	29724889	0	/green1.php
1	0	0	3	4	0	29731736	29723999	0	29725830	29723842	0	/.vscode/sftp.json
1	0	0	0	1	0	0	29725237	0	0	29725237	0	/wpa.php
1	0	0	1	0	0	29726702	0	0	29726702	0	0	/nurseling.php
1	0	0	0	1	0	0	29725237	0	0	29725237	0	/kk.php
1	0	0	1	1	0	29726584	29724058	0	29726584	29724058	0	/wp-includes/php-compat/
1	0	0	1	0	0	29726702	0	0	29726702	0	0	/arrhenotokous.php
1	0	0	0	3	0	0	29723874	0	0	29723842	0	/graphql
1	0	0	1	0	0	29727152	0	0	29727152	0	0	/wp-post-data.php
1	0	0	0	1	0	0	29724557	0	0	29724557	0	/zwhqworn.php
1	0	0	2	0	0	29725931	0	0	29725652	0	0	/als.php
1	0	0	0	1	0	0	29725237	0	0	29725237	0	/wp-includes/css/ty.php
1	0	0	1	0	0	29726268	0	0	29726268	0	0	/adriv.php
1	0	0	1	0	0	29726583	0	0	29726583	0	0	/akcc.php
1	0	0	3	2	0	29728517	29725237	0	29725931	29724888	0	/mac.php
1	0	0	1	0	0	29726583	0	0	29726583	0	0	/wp-includes/images/
1	0	0	0	1	0	0	29724557	0	0	29724557	0	/888.php
1	0	0	1	0	0	29727154	0	0	29727154	0	0	/public/class-walker-footer-dev.php
1	0	0	1	1	0	29727828	29724208	0	29727828	29724208	0	/wp-json/
1	0	0	1	1	0	29727153	29723940	0	29727153	29723940	0	/st.php
1	0	0	1	0	0	29726583	0	0	29726583	0	0	/images/images/about.php
1	0	0	1	0	0	29725931	0	0	29725931	0	0	/red.php
1	0	0	0	1	0	0	29723940	0	0	29723940	0	/ercor.php
1	0	0	1	0	0	29727153	0	0	29727153	0	0	/ccs.php
1	0	0	1	0	0	29726268	0	0	29726268	0	0	/security.php
1	0	0	1	0	0	29727153	0	0	29727153	0	0	/lol.php
1	0	0	2	1	0	29729961	29724134	0	29725687	29724134	0	/backup/
1	0	0	3	24	0	29730216	29724003	0	29725633	29723991	0	/xmlrpc.php
1	0	0	3	1	0	29728517	29724889	0	29726702	29724889	0	/miru1.php
1	0	0	1	0	0	29726702	0	0	29726702	0	0	/cx.php
1	0	0	2	0	0	29725931	0	0	29725653	0	0	/test11.php
1	0	0	1	0	0	29726702	0	0	29726702	0	0	/i.php
1	0	0	2	0	0	29725931	0	0	29725652	0	0	/images.php
1	0	0	0	1	0	0	29724557	0	0	29724557	0	/go.php
1	0	0	1	0	0	29726703	0	0	29726703	0	0	/xzs.php
1	0	0	0	1	0	0	29725237	0	0	29725237	0	/sdm.php
1	0	0	1	0	0	29727152	0	0	29727152	0	0	/water.php
1	0	0	0	1	0	0	29725237	0	0	29725237	0	/zjggu.php
1	0	0	2	0	0	29725931	0	0	29725652	0	0	/wp-admin/css/colors/coffee/wp-adochan.php
1	0	0	2	1	0	29728517	29724889	0	29725931	29724889	0	/wp-includes/blocks/details/
1	0	0	1	1	0	29726584	29724058	0	29726584	29724058	0	/wp-includes/style-engine/index.php
1	0	0	1	1	0	29726584	29724058	0	29726584	29724058	0	/function/function.php
1	0	0	1	1	0	29727153	29725237	0	29727153	29725237	0	/wp-includes/l10n/min.php
1	0	0	0	1	0	0	29725237	0	0	29725237	0	/wp-includes/class-wp-query-ajax.php
1	0	0	2	1	0	29729961	29724134	0	29725687	29724134	0	/old/
1	0	0	1	0	0	29731718	0	0	29731718	0	0	/images/
1	0	0	1	0	0	29731283	0	0	29731283	0	0	/assets/ai_features.js?v=1784900000
1	0	0	0	1	0	0	29725237	0	0	29725237	0	/wp-includes/embed-template-core.php
1	0	0	0	4	0	0	29724003	0	0	29723991	0	/wp-admin/
1	0	0	1	0	0	29726583	0	0	29726583	0	0	/wp-content/cache/
1	0	0	1	0	0	29726702	0	0	29726702	0	0	/filesss.php
1	0	0	2	0	0	29726583	0	0	29725931	0	0	/wp-includes/block-bindings/
1	0	0	1	0	0	29726583	0	0	29726583	0	0	/wp-config-sample.php
1	0	0	1	0	0	29725653	0	0	29725653	0	0	/FAQ.php
1	0	0	1	0	0	29725931	0	0	29725931	0	0	/wp-admin/js/index.php
1	0	0	1	0	0	29726583	0	0	29726583	0	0	/wp-admin/maint/admin.php
1	0	0	1	0	0	29726703	0	0	29726703	0	0	/gmo.php
1	0	0	1	0	0	29726703	0	0	29726703	0	0	/sitemap.php
1	0	0	2	1	0	29726268	29724671	0	29725653	29724671	0	/log.php
1	0	0	0	1	0	0	29725237	0	0	29725237	0	/wp-content/about.php
1	0	0	0	1	0	0	29723940	0	0	29723940	0	/xx.php
1	0	0	2	0	0	29725931	0	0	29725652	0	0	/file52.php
1	3	3	0	0	29723874	0	0	29723842	0	0	2116	/?rest_route=/wp/v2/users/
1	0	0	0	1	0	0	29725237	0	0	29725237	0	/wp-includes/0IJm2.php
1	0	0	0	1	0	0	29724889	0	0	29724889	0	/functions.php
1	0	0	0	1	0	0	29724671	0	0	29724671	0	/fs.php
1	0	0	1	0	0	29725931	0	0	29725931	0	0	/ha.php
1	0	0	0	1	0	0	29725237	0	0	29725237	0	/daerl.php
1	0	0	0	1	0	0	29725237	0	0	29725237	0	/insta.php
1	0	0	1	1	0	29728518	29724889	0	29728518	29724889	0	/777.php
1	0	0	2	0	0	29727152	0	0	29726702	0	0	/jj.php
1	0	0	1	0	0	29726225	0	0	29726225	0	0	/admin
1	0	0	2	1	0	29728518	29724889	0	29726268	29724889	0	/test2.php
1	0	0	6	8	0	29730277	29725052	0	29725265	29723846	0	/favicon.ico
1	0	0	1	0	0	29726702	0	0	29726702	0	0	/bless24.php
1	0	0	2	1	0	29728517	29724889	0	29725931	29724889	0	/goods.php
1	0	0	0	1	0	0	29724671	0	0	29724671	0	/wp-pass.php
1	0	0	1	0	0	29725931	0	0	29725931	0	0	/pol.php
1	0	0	0	1	0	0	29724671	0	0	29724671	0	/v4.php
1	0	0	1	0	0	29727153	0	0	29727153	0	0	/cc3.php
1	0	0	3	0	0	29726583	0	0	29725652	0	0	/chosen.php
1	0	0	0	1	0	0	29724889	0	0	29724889	0	/panel.php
1	0	0	0	1	0	0	29724557	0	0	29724557	0	/X7x.php
1	0	0	0	1	0	0	29724889	0	0	29724889	0	/lib.php
1	0	0	7	5	0	29728517	29725237	0	29725652	29723940	0	/this_is_a_new_hello_world.php
1	0	0	1	1	0	29728518	29724889	0	29728518	29724889	0	/0d.php
1	0	0	0	1	0	0	29725237	0	0	29725237	0	/wp-includes/pomo/pp.php
1	0	0	1	0	0	29727153	0	0	29727153	0	0	/fone1.php
1	0	0	2	0	0	29727153	0	0	29725931	0	0	/201.php
1	0	0	1	0	0	29727153	0	0	29727153	0	0	/bypass.php
1	0	0	1	0	0	29725931	0	0	29725931	0	0	/file46.php
1	0	0	0	3	0	0	29723874	0	0	29723842	0	/graphql/api
1	0	0	1	0	0	29727153	0	0	29727153	0	0	/de.php
1	0	0	0	1	0	0	29725237	0	0	29725237	0	/lddxs.php
1	0	0	0	1	0	0	29725237	0	0	29725237	0	/oldindex.php
1	0	0	1	0	0	29725931	0	0	29725931	0	0	/wp-links.php
1	0	0	0	1	0	0	29724889	0	0	29724889	0	/Cap.php
1	0	0	1	0	0	29726702	0	0	29726702	0	0	/dass.php
1	0	0	0	3	0	0	29723874	0	0	29723842	0	/s/435313e21313e2533323e2736313/_/
1	0	0	1	0	0	29726702	0	0	29726702	0	0	/autovirgi.php
1	0	0	1	0	0	29726702	0	0	29726702	0	0	/z.php
1	0	0	1	0	0	29725931	0	0	29725931	0	0	/wp-includes/Requests/
1	0	0	1	0	0	29725931	0	0	29725931	0	0	/pucci.php
1	0	0	6	0	0	29728586	0	0	29728585	0	0	/index.php?option=com_baforms&task=form.uploadAttachmentFile
1	5	0	0	0	29723839	0	0	29723839	0	0	435	/.well-known/acme-challenge/Em5dQF5t1b_owklqMSU8gTDecDNuXARoAA2hgYG0PEQ
1	0	0	1	0	0	29726703	0	0	29726703	0	0	/zasd.php
1	0	0	1	0	0	29726702	0	0	29726702	0	0	/bless18.php
1	0	0	1	0	0	29727153	0	0	29727153	0	0	/white.php
1	0	0	1	1	0	29726584	29724058	0	29726584	29724058	0	/wp-includes/style-engine/autoload_classmap.php
1	0	0	0	1	0	0	29725237	0	0	29725237	0	/img/wp-login.php
1	0	0	2	1	0	29728518	29724889	0	29725931	29724889	0	/file.php?
1	0	0	4	2	0	29728517	29724889	0	29725931	29724889	0	/adminfuns.php
1	0	0	1	0	0	29727153	0	0	29727153	0	0	/wp-file-120.php
1	0	0	0	1	0	0	29724557	0	0	29724557	0	/j1buz.php
1	0	0	0	3	0	0	29723874	0	0	29723842	0	/trace.axd
1	0	0	1	0	0	29725714	0	0	29725714	0	0	/assets/ai_features.js?v=1783084988
1	0	0	7	4	0	29728517	29724888	0	29725652	29723940	0	/wp-content/plugins/hellopress/wp_filemanager.php
1	0	0	1	0	0	29725931	0	0	29725931	0	0	/dejavu.php
1	0	0	2	1	0	29728517	29724889	0	29725931	29724889	0	/155.php
1	0	0	1	0	0	29726702	0	0	29726702	0	0	/file11.php
1	0	0	1	0	0	29726702	0	0	29726702	0	0	/666.php
1	0	0	1	0	0	29725931	0	0	29725931	0	0	/green3.php?p=
1	0	0	1	0	0	29726702	0	0	29726702	0	0	/wp-the.php
1	0	0	0	1	0	0	29725237	0	0	29725237	0	/wp-admin/wp-samp.php
1	0	0	1	0	0	29726702	0	0	29726702	0	0	/w3llstore.php
1	0	0	1	0	0	29726583	0	0	29726583	0	0	/wp-includes/html-api/
1	0	0	2	1	0	29729961	29724134	0	29725687	29724134	0	/new/
1	0	0	0	1	0	0	29724205	0	0	29724205	0	/wp-content/plugins/fix/000.php
1	0	0	0	1	0	0	29724889	0	0	29724889	0	/prekel.php
1	0	0	1	1	0	29727152	29725237	0	29727152	29725237	0	/flox.php
1	0	0	4	1	0	29728517	29724889	0	29725931	29724889	0	/cgi-bin/index.php
1	0	0	1	1	0	29728518	29724889	0	29728518	29724889	0	/ssend.php
1	0	0	3	11	0	29726583	29724740	0	29725653	29723991	0	/wp-login.php
1	0	0	1	1	0	29726584	29724058	0	29726584	29724058	0	/wp-admin/css/colors/coffee/index.php
1	5	0	0	0	29724301	0	0	29723862	0	0	1957	/_autoindex/assets/icons/folder-fill.svg
1	0	0	1	0	0	29725931	0	0	29725931	0	0	/FAQ.php?p=
1	0	0	0	1	0	0	29725237	0	0	29725237	0	/h2h.php
1	0	0	0	1	0	0	29725237	0	0	29725237	0	/wp-content/xleet.php
1	0	0	1	0	0	29725713	0	0	29725713	0	0	/assets/sending_accounts.js?v=1783094077
1	0	0	1	0	0	29726216	0	0	29726216	0	0	/404javascript.js
1	5	0	0	0	29723839	0	0	29723839	0	0	435	/.well-known/acme-challenge/kVYg88aZ6-aT_j_mjcaj7dDnKL55x7x42d8NAybd-Xo
1	0	0	1	0	0	29725653	0	0	29725653	0	0	/bypass2.php
1	0	0	1	0	0	29728586	0	0	29728586	0	0	/images/baforms/uploads/form-4/vp_67tul1.php
1	0	0	1	2	0	29725931	29724889	0	29725931	29724557	0	/av.php
1	0	0	2	0	0	29726583	0	0	29726268	0	0	/abc.php
1	0	0	2	1	0	29728517	29724888	0	29725931	29724888	0	/mosty.php
1	0	0	1	1	0	29729558	29725204	0	29729558	29725204	0	/wp-json/gravitysmtp/v1/tests/mock-data?page=gravitysmtp-settings
1	0	0	0	1	0	0	29725237	0	0	29725237	0	/wp-includes/assets/inpf.php
1	0	0	2	0	0	29725931	0	0	29725653	0	0	/p.php
1	0	0	1	0	0	29726703	0	0	29726703	0	0	/wp-lvminl.php
1	0	0	3	1	0	29728517	29724889	0	29725931	29724889	0	/themes.php
1	0	0	2	1	0	29726268	29724671	0	29725653	29724671	0	/saim11.php
1	0	0	0	1	0	0	29725237	0	0	29725237	0	/css/Mtir.php
1	0	0	1	0	0	29725652	0	0	29725652	0	0	/green3.php
1	0	0	2	0	0	29726268	0	0	29725653	0	0	/yj09.php
1	0	0	1	0	0	29726583	0	0	29726583	0	0	/HLA-dd.php
1	0	0	1	0	0	29727153	0	0	29727153	0	0	/output.php
1	0	0	1	0	0	29726583	0	0	29726583	0	0	/wp-mail.php
1	0	0	3	0	0	29727153	0	0	29725653	0	0	/h02ugyh.php
1	0	0	0	3	0	0	29725237	0	0	29724557	0	/gtd7.php
1	0	0	1	0	0	29725931	0	0	29725931	0	0	/w1php
1	0	0	1	2	0	29728517	29724888	0	29728517	29724557	0	/11.php
1	0	0	2	0	0	29727152	0	0	29726583	0	0	/moon.php
1	0	0	6	2	0	29728517	29724889	0	29725931	29724888	0	/admin.php
1	0	0	0	1	0	0	29725237	0	0	29725237	0	/wpxml.php
1	0	0	0	1	0	0	29725237	0	0	29725237	0	/uploads/wpxadmin.php
1	0	0	0	1	0	0	29724671	0	0	29724671	0	/oiitmfgw.php
1	0	0	0	1	0	0	29725237	0	0	29725237	0	/R00T.php
1	0	0	4	0	0	29730158	0	0	29725652	0	0	/wp-admin/css/
1	0	0	1	0	0	29726703	0	0	29726703	0	0	/racs3.php
1	0	0	0	1	0	0	29724889	0	0	29724889	0	/init.php
1	0	0	0	1	0	0	29725237	0	0	29725237	0	/ucpfr.php
1	0	0	0	1	0	0	29724671	0	0	29724671	0	/forx.php
1	0	0	0	1	0	0	29724557	0	0	29724557	0	/5.php
1	0	0	0	1	0	0	29723940	0	0	29723940	0	/awc.php
1	0	0	0	1	0	0	29723940	0	0	29723940	0	/bh.php
1	0	0	1	0	0	29727153	0	0	29727153	0	0	/1996.php
1	0	0	0	1	0	0	29725237	0	0	29725237	0	/dlvqo.php
1	0	0	2	0	0	29725931	0	0	29725653	0	0	/k2.php
1	0	0	3	1	0	29728518	29724889	0	29726702	29724889	0	/min.php
1	0	0	1	0	0	29726582	0	0	29726582	0	0	/admin/controller/extension/extension/ultra.php
1	0	0	4	1	0	29728517	29724888	0	29725931	29724888	0	/k.php
1	0	0	0	1	0	0	29725237	0	0	29725237	0	/wp-includes/otFoY.php
1	0	0	1	0	0	29731718	0	0	29731718	0	0	/admin/
1	0	0	1	0	0	29726583	0	0	29726583	0	0	/files/index.php
1	0	0	0	1	0	0	29724671	0	0	29724671	0	/630sogjm.php
1	0	0	1	0	0	29726583	0	0	29726583	0	0	/wicked.php
1	0	0	1	0	0	29726702	0	0	29726702	0	0	/wp-conflg.php
1	0	0	1	0	0	29731283	0	0	29731283	0	0	/assets/app.js?v=1786910002
1	0	0	2	0	0	29726702	0	0	29726583	0	0	/new.php
1	0	0	0	1	0	0	29724889	0	0	29724889	0	/header.php
1	0	0	0	3	0	0	29723874	0	0	29723842	0	/config.json
1	0	0	0	3	0	0	29723873	0	0	29723841	0	/about
1	0	0	0	1	0	0	29725237	0	0	29725237	0	/nwwha.php
1	0	0	1	0	0	29726703	0	0	29726703	0	0	/testas.php
1	0	0	1	4	0	29726583	29724889	0	29726583	29723842	0	/info.php
1	0	0	1	1	0	29726583	29725237	0	29726583	29725237	0	/wp-content/themes/admin.php
1	0	0	3	1	0	29727153	29724888	0	29725931	29724888	0	/bthil.php
1	0	0	1	0	0	29726703	0	0	29726703	0	0	/yep.php
1	0	0	1	0	0	29725931	0	0	29725931	0	0	/wp-includes/Text/Diff/Engine/about.php
1	0	0	3	1	0	29728517	29724889	0	29725931	29724889	0	/f35.php
1	0	0	4	2	0	29728517	29725237	0	29725931	29724889	0	/file6.php
1	0	0	0	1	0	0	29725237	0	0	29725237	0	/wp-file.php
1	0	0	0	1	0	0	29725237	0	0	29725237	0	/wp-content/uploads/2016/uploadTest.php
1	0	0	0	1	0	0	29724889	0	0	29724889	0	/0.php
1	0	0	1	1	0	29728517	29724888	0	29728517	29724888	0	/hosty.php
1	0	0	0	1	0	0	29725237	0	0	29725237	0	/bs1.php
1	0	0	0	1	0	0	29725237	0	0	29725237	0	/kopyw.php
1	0	0	1	0	0	29726702	0	0	29726702	0	0	/wp-curl-file.php
1	0	0	1	0	0	29726702	0	0	29726702	0	0	/bumxewlsll.php
1	0	0	0	1	0	0	29724889	0	0	29724889	0	/11.php?p=
1	0	0	0	1	0	0	29725237	0	0	29725237	0	/wp-content/media.php
1	0	0	0	3	0	0	29723874	0	0	29723841	0	/ecp/Current/exporttool/microsoft.exchange.ediscovery.exporttool.application
1	0	0	1	0	0	29726703	0	0	29726703	0	0	/tox.php
1	0	0	1	0	0	29726702	0	0	29726702	0	0	/xozx.php
1	0	0	2	0	0	29727153	0	0	29726702	0	0	/drykl.php
1	0	0	1	1	0	29728518	29724889	0	29728518	29724889	0	/config.php
1	0	0	0	1	0	0	29725237	0	0	29725237	0	/wp-includes/class-snoopye_wso.php.bk
1	0	0	1	0	0	29727153	0	0	29727153	0	0	/wp-test.php
1	1	0	0	0	29723871	0	0	29723871	0	0	64	/.well-known/acme-challenge/751BXW-3X0CDS6NUG4L0SUD1W0_M1ZJ5
1	0	0	1	0	0	29726583	0	0	29726583	0	0	/wp-includes/js/crop/
1	1	1	0	0	29725204	0	0	29725204	0	0	1148	/?rest_route=/gravitysmtp/v1/tests/mock-data&page=gravitysmtp-settings
1	0	0	1	0	0	29725578	0	0	29725578	0	0	/ms-themes.php
1	0	0	2	0	0	29728126	0	0	29726662	0	0	/robots.txt?45.92.86.5
1	0	0	0	3	0	0	29723873	0	0	29723841	0	/server
1	0	0	1	0	0	29726583	0	0	29726583	0	0	/wp-includes/pomo/
1	0	0	1	1	0	29725653	29724671	0	29725653	29724671	0	/ant.php
1	0	0	1	0	0	29726582	0	0	29726582	0	0	/gelay.php
1	0	0	2	0	0	29727153	0	0	29725931	0	0	/a1.php
1	0	0	1	0	0	29725931	0	0	29725931	0	0	/25d653587fdfd1.php
1	0	0	1	0	0	29726703	0	0	29726703	0	0	/file1.php
1	0	0	1	0	0	29726583	0	0	29726583	0	0	/wp-content/themes/twentytwenty/404.php
1	0	0	2	1	0	29728517	29724889	0	29725931	29724889	0	/admin.php?
1	0	0	6	0	0	29728586	0	0	29728585	0	0	/images/baforms/vp_67tul1.php
1	0	0	0	1	0	0	29725237	0	0	29725237	0	/htaccess.php
1	0	0	0	1	0	0	29724205	0	0	29724205	0	/wp-content/plugins/fix/up.php
1	0	0	1	0	0	29726703	0	0	29726703	0	0	/89.php
1	0	0	0	1	0	0	29725237	0	0	29725237	0	/wp-content/uploads/help.php
1	0	0	6	0	0	29728586	0	0	29728585	0	0	/images/vp_67tul1.php
1	0	0	1	0	0	29725931	0	0	29725931	0	0	/file48.php
1	0	0	1	0	0	29726268	0	0	29726268	0	0	/cp.php
1	0	0	0	1	0	0	29725237	0	0	29725237	0	/fffm.php?p=
1	0	0	1	0	0	29725931	0	0	29725931	0	0	/by.php
1	0	0	1	0	0	29726702	0	0	29726702	0	0	/p-blog.php
1	0	0	1	1	0	29728517	29724888	0	29728517	29724888	0	/a.php
1	0	0	1	1	0	29725931	29724889	0	29725931	29724889	0	/fpwch.php
1	0	0	0	1	0	0	29723940	0	0	29723940	0	/ah25.php
1	0	0	0	1	0	0	29725237	0	0	29725237	0	/wp-includes/theme-compat/navbar.php
1	0	0	1	0	0	29726703	0	0	29726703	0	0	/gg.php
1	0	0	1	0	0	29726583	0	0	29726583	0	0	/wp-includes/images/smilies/
1	0	0	1	0	0	29726702	0	0	29726702	0	0	/mass.php
1	0	0	1	0	0	29727152	0	0	29727152	0	0	/ip.php
1	0	0	1	0	0	29726703	0	0	29726703	0	0	/wp-cliner.php
1	0	0	1	0	0	29726702	0	0	29726702	0	0	/wp-block
1	0	0	1	0	0	29726582	0	0	29726582	0	0	/flower.php
1	0	0	1	1	0	29725653	29724671	0	29725653	29724671	0	/zolando.php
1	0	0	1	1	0	29728517	29724888	0	29728517	29724888	0	/chosen.php?
1	0	0	3	0	0	29727153	0	0	29726702	0	0	/like.php
1	0	0	1	0	0	29727153	0	0	29727153	0	0	/s1.php
1	0	0	1	0	0	29727153	0	0	29727153	0	0	/mg.php
1	0	0	2	1	0	29725931	29724889	0	29725652	29724889	0	/wp-admin/css/colors/modern/
1	0	0	1	0	0	29726582	0	0	29726582	0	0	/wp-admin/images/admin.php
1	0	0	1	0	0	29726583	0	0	29726583	0	0	/wso.php
1	0	0	2	1	0	29728518	29724889	0	29725931	29724889	0	/gettest.php
1	0	0	1	0	0	29727153	0	0	29727153	0	0	/op.php
1	0	0	2	1	0	29728517	29724889	0	29725931	29724889	0	/wp-includes/css/dist/
1	0	0	1	0	0	29727153	0	0	29727153	0	0	/inc.php
1	0	0	1	0	0	29726703	0	0	29726703	0	0	/sg.php
1	0	0	0	1	0	0	29725237	0	0	29725237	0	/wp-class.php
1	0	0	0	1	0	0	29724205	0	0	29724205	0	/lufix.php
1	0	0	0	1	0	0	29725237	0	0	29725237	0	/son.php
1	0	0	1	0	0	29726583	0	0	29726583	0	0	/403.php
1	0	0	2	0	0	29731718	0	0	29726583	0	0	/.well-known/
1	0	0	0	1	0	0	29725237	0	0	29725237	0	/twinklingly.php
1	0	0	1	0	0	29727153	0	0	29727153	0	0	/special.php
1	0	0	1	1	0	29726702	29725237	0	29726702	29725237	0	/db.php
1	0	0	1	0	0	29726703	0	0	29726703	0	0	/nope.php
1	0	0	36	10	0	29732197	29725111	0	29725309	29723858	0	/robots.txt
1	0	0	2	0	0	29726702	0	0	29725931	0	0	/xxx.php
1	0	0	1	0	0	29727153	0	0	29727153	0	0	/aboute.php
1	0	0	2	1	0	29728517	29724889	0	29725931	29724889	0	/w.php
1	0	0	1	0	0	29726702	0	0	29726702	0	0	/wp-admin/zoko.php
1	0	0	1	0	0	29726702	0	0	29726702	0	0	/x123.php
1	0	0	6	0	0	29728586	0	0	29728585	0	0	/images/baforms/uploads/vp_67tul1.php
1	0	0	1	0	0	29726703	0	0	29726703	0	0	/vxrl.php
1	0	0	1	0	0	29726703	0	0	29726703	0	0	/ssla.php
1	0	0	1	0	0	29726703	0	0	29726703	0	0	/wp-86.php
1	0	0	1	0	0	29727153	0	0	29727153	0	0	/ortasekerli1.php
1	0	0	1	0	0	29726583	0	0	29726583	0	0	/ioxi-o.php
1	0	0	1	0	0	29727152	0	0	29727152	0	0	/wp-content/cong.php
1	0	0	1	1	0	29726584	29724058	0	29726584	29724058	0	/wp-includes/SimplePie/admin.php
1	0	0	1	1	0	29726584	29724058	0	29726584	29724058	0	/ok.php
1	0	0	0	1	0	0	29725237	0	0	29725237	0	/images/contacto.php
1	0	0	2	1	0	29728517	29724889	0	29725931	29724889	0	/get.php
1	0	0	0	1	0	0	29724671	0	0	29724671	0	/skr.php
1	0	0	1	0	0	29727153	0	0	29727153	0	0	/ggb.php
1	0	0	2	0	0	29726702	0	0	29725931	0	0	/scxy.php
1	0	0	0	1	0	0	29725237	0	0	29725237	0	/wp-includes/fonts/inat.php
1	0	0	0	3	0	0	29723874	0	0	29723842	0	/api/gql
1	0	0	3	1	0	29728517	29724889	0	29725931	29724889	0	/122.php
1	0	0	1	1	0	29728517	29724889	0	29728517	29724889	0	/database.php
1	0	0	1	0	0	29727152	0	0	29727152	0	0	/zc-208.php
1	0	0	0	1	0	0	29725237	0	0	29725237	0	/wp-includes/css.php
1	0	0	1	1	0	29728517	29724889	0	29728517	29724889	0	/about.php?
1	0	0	1	0	0	29726702	0	0	29726702	0	0	/yanz.php
1	0	0	1	1	0	29727153	29725237	0	29727153	29725237	0	/class-walker-footer-dev.php
1	0	0	0	1	0	0	29725237	0	0	29725237	0	/wp-includes/wp-includes/ms-files.php
1	0	0	2	1	0	29726583	29724671	0	29725653	29724671	0	/cache.php
1	0	0	0	1	0	0	29724557	0	0	29724557	0	/shellerr.php
1	0	0	1	0	0	29731283	0	0	29731283	0	0	/assets/deliverability_v2.js?v=1784900000
1	0	0	3	1	0	29728517	29724888	0	29725931	29724888	0	/222.php
1	0	0	1	0	0	29728585	0	0	29728585	0	0	/images/baforms/uploads/form-0/vp_67tul1.php
1	0	0	4	0	0	29727153	0	0	29725931	0	0	/dx.php
1	0	0	0	1	0	0	29725237	0	0	29725237	0	/wp-x7.php
1	0	0	0	1	0	0	29724557	0	0	29724557	0	/acw.php
1	0	0	1	1	0	29728517	29724889	0	29728517	29724889	0	/inputs.php?
1	0	0	0	1	0	0	29724557	0	0	29724557	0	/3us0dk.php
1	0	0	1	0	0	29725931	0	0	29725931	0	0	/class-wp.php
1	0	0	0	1	0	0	29725237	0	0	29725237	0	/wp-vu6yj0b7.php
1	0	0	1	0	0	29728586	0	0	29728586	0	0	/images/baforms/uploads/form-5/vp_67tul1.php
1	0	0	1	0	0	29726703	0	0	29726703	0	0	/bypltspd.php
1	0	0	4	2	0	29727153	29725237	0	29725653	29723940	0	/wander.php
1	1	0	0	0	29723871	0	0	29723871	0	0	64	/.well-known/acme-challenge/86X1M_WU_OCEDYBPX6BJPCVZJQ9FO-QW
1	0	0	1	0	0	29726703	0	0	29726703	0	0	/wp-xm.php
1	0	0	0	2	0	0	29725237	0	0	29724205	0	/wp-content/plugins/index.php
1	0	0	1	0	0	29726703	0	0	29726703	0	0	/ma1.php
1	0	0	1	0	0	29726582	0	0	29726582	0	0	/wp-admin/css/colors/index.php
1	0	0	1	0	0	29726583	0	0	29726583	0	0	/wp-admin/network/index.php
1	0	0	1	0	0	29726582	0	0	29726582	0	0	/13.php
1	0	0	1	0	0	29727152	0	0	29727152	0	0	/nano.php
1	0	0	0	1	0	0	29725237	0	0	29725237	0	/wsrer.php
1	0	0	1	0	0	29725931	0	0	29725931	0	0	/term.php
1	0	0	1	0	0	29726268	0	0	29726268	0	0	/r00t.php
1	0	0	1	0	0	29726583	0	0	29726583	0	0	/www.php
1	0	0	0	1	0	0	29725237	0	0	29725237	0	/jrpga.php
1	0	0	0	1	0	0	29723940	0	0	29723940	0	/sx.php
1	0	0	1	0	0	29725714	0	0	29725714	0	0	/assets/app.js?v=1783090650
1	0	0	1	0	0	29726702	0	0	29726702	0	0	/unity.php
1	0	0	2	0	0	29727153	0	0	29725931	0	0	/7.php
1	0	0	1	0	0	29727153	0	0	29727153	0	0	/cong.php
1	0	0	1	0	0	29728585	0	0	29728585	0	0	/images/baforms/uploads/form-0/vp67tul1.php
1	0	0	1	0	0	29725713	0	0	29725713	0	0	/assets/deliverability_v2.js?v=1783096001
1	0	0	4	1	0	29728517	29724889	0	29726583	29724889	0	/as.php
1	0	0	0	1	0	0	29724557	0	0	29724557	0	/files.php
1	0	0	1	0	0	29727153	0	0	29727153	0	0	/btex.php
1	0	0	1	0	0	29731283	0	0	29731283	0	0	/assets/sending_accounts.js?v=1786910002
1	0	0	1	0	0	29725931	0	0	29725931	0	0	/k4.php
1	0	0	0	1	0	0	29724889	0	0	29724889	0	/fw.update.php
1	0	0	0	1	0	0	29725237	0	0	29725237	0	/zugvi.php
1	0	0	0	1	0	0	29725237	0	0	29725237	0	/wp-includes/fonts/send.php
1	0	0	0	1	0	0	29725237	0	0	29725237	0	/oivcl.php
1	0	0	0	1	0	0	29725237	0	0	29725237	0	/qfvqu.php
1	0	0	5	2	0	29728517	29724889	0	29725931	29724888	0	/wp-content/uploads/
1	0	0	1	0	0	29727153	0	0	29727153	0	0	/js.php
1	0	0	1	0	0	29727153	0	0	29727153	0	0	/root.php
1	9	0	0	0	29724975	0	0	29723861	0	0	25538	/_autoindex/assets/js/tablesort.js
1	0	0	1	1	0	29726702	29724889	0	29726702	29724889	0	/ms.php
1	0	0	1	0	0	29728585	0	0	29728585	0	0	/images/baforms/uploads/form-1/vp67tul1.php
1	0	0	2	0	0	29727153	0	0	29726702	0	0	/wmore1.php
1	0	0	1	0	0	29725931	0	0	29725931	0	0	/wp-includes/blocks/audio/
1	0	0	1	0	0	29725931	0	0	29725931	0	0	/eee.php
1	0	0	1	1	0	29728518	29724889	0	29728518	29724889	0	/ss.php
1	0	0	1	0	0	29725931	0	0	29725931	0	0	/qterm.php?p=
1	0	0	1	0	0	29726583	0	0	29726583	0	0	/wp-content/upgrade/index.php
1	0	0	1	1	0	29725931	29724671	0	29725931	29724671	0	/error_log.php
1	0	0	3	1	0	29728517	29724889	0	29725931	29724889	0	/inputs.php
1	0	0	0	1	0	0	29725237	0	0	29725237	0	/wp-content/plugins/hellopress/wp_filemanager.php?178.128.61.43
1	0	0	1	1	0	29725653	29723940	0	29725653	29723940	0	/2.php
1	0	0	1	0	0	29726216	0	0	29726216	0	0	/404testpage4525d2fdc
1	0	0	0	1	0	0	29725237	0	0	29725237	0	/wp-l3u4lha.php
1	0	0	3	1	0	29727153	29724557	0	29726268	29724557	0	/xa.php
1	0	0	0	1	0	0	29725237	0	0	29725237	0	/wp-includes/assets/min.php
1	0	0	1	0	0	29726583	0	0	29726583	0	0	/an.php
1	0	0	1	2	0	29725931	29724889	0	29725931	29723940	0	/d62.php
1	0	0	0	1	0	0	29724754	0	0	29724754	0	/dup-installer/main.installer.php
1	0	0	3	0	0	29725989	0	0	29725935	0	0	/artisan
1	0	0	1	0	0	29726702	0	0	29726702	0	0	/obfuscate.php
1	0	0	1	0	0	29727153	0	0	29727153	0	0	/nwflm.php
1	0	0	1	0	0	29726268	0	0	29726268	0	0	/ee.php
1	0	0	1	0	0	29728585	0	0	29728585	0	0	/images/baforms/uploads/form-2/vp67tul1.php
1	2	2	0	0	29724034	0	0	29723944	0	0	1407	/?SD
1	0	0	3	1	0	29728517	29724889	0	29725653	29724889	0	/FWAZ.php
1	0	0	0	1	0	0	29725237	0	0	29725237	0	/zwlsv.php
1	0	0	0	1	0	0	29724889	0	0	29724889	0	/fw.php
1	3	3	1	0	29724975	29726493	0	29723914	29726493	0	2773	/?SA
1	0	0	1	1	0	29726702	29724671	0	29726702	29724671	0	/btx25.php
1	0	0	0	1	0	0	29725237	0	0	29725237	0	/wp-blai.php
1	0	0	0	1	0	0	29724671	0	0	29724671	0	/wp-su.php
1	0	0	1	0	0	29726702	0	0	29726702	0	0	/0okj.php
1	0	0	0	1	0	0	29725237	0	0	29725237	0	/wp-includes/back.php
1	0	0	1	0	0	29725931	0	0	29725931	0	0	/cfile.php
1	0	0	1	0	0	29727153	0	0	29727153	0	0	/sec.php
1	0	0	0	1	0	0	29725237	0	0	29725237	0	/wp-includes/shell20211028.php
1	0	0	0	1	0	0	29726583	0	0	29726583	0	/.well-known/acme-challenge/index.php
1	0	0	0	1	0	0	29725237	0	0	29725237	0	/wp-includes/ok.php
1	0	0	1	0	0	29726702	0	0	29726702	0	0	/0xD.php
1	0	0	0	1	0	0	29725237	0	0	29725237	0	/wp-content/plugins/about.php
1	0	0	1	0	0	29725931	0	0	29725931	0	0	/wp-content/
1	0	0	0	3	0	0	29723873	0	0	29723841	0	/___proxy_subdomain_whm/login
1	0	0	1	1	0	29727153	29725237	0	29727153	29725237	0	/89wNbl.php
1	0	0	3	3	0	29725622	29723874	0	29725359	29723842	0	/api
1	0	0	1	0	0	29726702	0	0	29726702	0	0	/file3.php
1	0	0	1	0	0	29726703	0	0	29726703	0	0	/shorw.php
1	0	0	1	0	0	29731718	0	0	29731718	0	0	/uploads/
1	0	0	1	0	0	29728586	0	0	29728586	0	0	/images/baforms/uploads/form-3/vp67tul1.php
1	0	0	1	0	0	29727153	0	0	29727153	0	0	/we.php
1	0	0	1	0	0	29726703	0	0	29726703	0	0	/H.php
1	0	0	0	1	0	0	29723940	0	0	29723940	0	/shlo.php
1	0	0	1	0	0	29727153	0	0	29727153	0	0	/insc.php
1	0	0	1	0	0	29726702	0	0	29726702	0	0	/wp-pp.php
1	0	0	1	0	0	29726583	0	0	29726583	0	0	/rip.php
1	0	0	0	1	0	0	29725237	0	0	29725237	0	/.well-known/checkbox.php
1	0	0	3	1	0	29728517	29724889	0	29725931	29724889	0	/wp-admin/js/
1	0	0	2	1	0	29728517	29724889	0	29725931	29724889	0	/abcd.php
1	0	0	1	0	0	29726268	0	0	29726268	0	0	/compatibility.php
1	0	0	1	1	0	29726702	29724205	0	29726702	29724205	0	/000.php
1	0	0	1	0	0	29726702	0	0	29726702	0	0	/new4.php
1	0	0	0	1	0	0	29725237	0	0	29725237	0	/wp-content/themes/seotheme/mar.php
1	0	0	0	1	0	0	29724889	0	0	29724889	0	/3PJcpMFsD8B.php
1	1	1	0	0	29724300	0	0	29724300	0	0	559	/?m=1
1	3	3	1	0	29724975	29726493	0	29723923	29726493	0	2770	/?ND
1	0	0	1	0	0	29725931	0	0	29725931	0	0	/w2php
1	0	0	1	0	0	29728586	0	0	29728586	0	0	/images/baforms/uploads/form-4/vp67tul1.php
1	0	0	1	1	0	29728517	29724889	0	29728517	29724889	0	/test1.php
1	2	2	0	0	29724014	0	0	29723953	0	0	1404	/?NA
1	0	0	1	0	0	29726702	0	0	29726702	0	0	/leaf.php
1	0	0	1	0	0	29726703	0	0	29726703	0	0	/wpls.php
1	0	0	1	0	0	29726702	0	0	29726702	0	0	/misewes.php
1	0	0	1	0	0	29726703	0	0	29726703	0	0	/G-In.php
1	2	2	0	0	29724024	0	0	29723965	0	0	1411	/?MD
1	0	0	0	1	0	0	29724671	0	0	29724671	0	/v3.php
1	0	0	3	1	0	29728517	29724889	0	29725931	29724889	0	/100.php
1	3	3	1	0	29724975	29726493	0	29723933	29726493	0	2777	/?MA
1	0	0	2	1	0	29728517	29724889	0	29725931	29724889	0	/wp-content/themes/index.php
1	0	0	0	1	0	0	29725237	0	0	29725237	0	/wp-includes/item.php
1	0	0	2	1	0	29728517	29724889	0	29725931	29724889	0	/file15.php
1	0	0	1	0	0	29727153	0	0	29727153	0	0	/ad.php
1	0	0	2	1	0	29727152	29725237	0	29726582	29725237	0	/classwithtostring.php
1	0	0	1	0	0	29727152	0	0	29727152	0	0	/mds.php
1	0	0	1	0	0	29728586	0	0	29728586	0	0	/images/baforms/uploads/form-5/vp67tul1.php
1	0	0	2	0	0	29727153	0	0	29725931	0	0	/ingfo.php
1	8	0	0	0	29727721	0	0	29723861	0	0	16992	/_autoindex/assets/css/autoindex.css
1	0	0	2	0	0	29725931	0	0	29725652	0	0	/zoro.php
1	0	0	1	0	0	29726583	0	0	29726583	0	0	/wp-content/uploads/goods.php
1	1	0	0	0	29723871	0	0	29723871	0	0	64	/.well-known/acme-challenge/V75SE1D7PL6LEPQUL25JJ7N9XE8V1581
1	0	0	0	1	0	0	29724557	0	0	29724557	0	/x86.php64
1	0	0	0	1	0	0	29725237	0	0	29725237	0	/wp-admin/maint/ms-site.php
1	0	0	0	1	0	0	29725237	0	0	29725237	0	/yxijx.php
1	0	0	1	0	0	29727152	0	0	29727152	0	0	/popo.php
1	0	0	1	0	0	29726702	0	0	29726702	0	0	/appt.php
1	0	0	1	1	0	29728517	29724889	0	29728517	29724889	0	/set.php
1	0	0	1	1	0	29725653	29724671	0	29725653	29724671	0	/289.php
1	0	0	3	1	0	29728517	29724888	0	29725931	29724888	0	/edit.php
1	0	0	1	0	0	29725931	0	0	29725931	0	0	/alls.php
1	0	0	3	1	0	29728518	29724889	0	29725652	29724889	0	/hur.php
1	0	0	0	1	0	0	29725237	0	0	29725237	0	/xleet-shell.php
1	0	0	1	0	0	29727153	0	0	29727153	0	0	/fffm.php
1	0	0	1	0	0	29726583	0	0	29726583	0	0	/system_log.php
1	0	0	1	0	0	29726582	0	0	29726582	0	0	/wp-includes/block-supports/
1	0	0	3	1	0	29728517	29724889	0	29725931	29724889	0	/about.php
1	0	0	1	1	0	29728517	29724889	0	29728517	29724889	0	/ccc.php
1	0	0	1	0	0	29726583	0	0	29726583	0	0	/zxz.php
1	0	0	1	0	0	29727153	0	0	29727153	0	0	/yawa.php
1	0	0	0	9	0	0	29731477	0	0	29723842	0	/.git/config
1	0	0	2	2	0	29727153	29725237	0	29727153	29724889	0	/core.php
1	0	0	1	0	0	29725931	0	0	29725931	0	0	/greap.php
1	0	0	0	4	0	0	29724003	0	0	29723991	0	/wp-json/wp/v2/
1	0	0	1	0	0	29726702	0	0	29726702	0	0	/t.php
1	0	0	3	2	0	29728517	29725237	0	29725931	29724889	0	/ops.php
1	0	0	0	1	0	0	29725237	0	0	29725237	0	/bhfnd.php
1	0	0	0	1	0	0	29725237	0	0	29725237	0	/pkmoj.php
1	0	0	1	0	0	29726582	0	0	29726582	0	0	/wp-includes/js/
1	0	0	0	2	0	0	29725237	0	0	29724557	0	/rof.php
1	0	0	1	1	0	29726268	29724557	0	29726268	29724557	0	/23a.php
1	0	0	1	0	0	29725931	0	0	29725931	0	0	/ccc.php?p=
1	0	0	1	0	0	29726583	0	0	29726583	0	0	/gecko.php
1	0	0	1	1	0	29728517	29724888	0	29728517	29724888	0	/aaa.php?p=
1	0	0	1	0	0	29728585	0	0	29728585	0	0	/images/baforms/uploads/form-1/vp_67tul1.php
1	0	0	1	0	0	29725931	0	0	29725931	0	0	/seiso.php
1	0	0	0	1	0	0	29724889	0	0	29724889	0	/app.php
1	0	0	1	0	0	29725931	0	0	29725931	0	0	/wp-admin/network/plugins.php
1	0	0	1	0	0	29727153	0	0	29727153	0	0	/turkshell.php
1	0	0	0	3	0	0	29723874	0	0	29723841	0	/v2/_catalog
1	0	0	1	0	0	29731718	0	0	29731718	0	0	/.tmb/
1	0	0	2	1	0	29728517	29724889	0	29725931	29724889	0	/wp-includes/blocks/post-comments-form/
1	0	0	1	0	0	29726703	0	0	29726703	0	0	/satan.php
1	0	0	1	0	0	29726582	0	0	29726582	0	0	/cc.php
1	0	0	0	1	0	0	29725237	0	0	29725237	0	/class-wp-filesystem.php
1	0	0	0	1	0	0	29724671	0	0	29724671	0	/wp-kikikoko.php
1	0	0	1	0	0	29726583	0	0	29726583	0	0	/o.php
1	0	0	1	0	0	29727153	0	0	29727153	0	0	/zip.php
1	0	0	2	0	0	29727154	0	0	29725652	0	0	/qterm.php
1	0	0	1	1	0	29728518	29724889	0	29728518	29724889	0	/buy.php
1	0	0	1	1	0	29725653	29724671	0	29725653	29724671	0	/debug.php
1	0	0	1	0	0	29727153	0	0	29727153	0	0	/bak.php
1	0	0	0	1	0	0	29725237	0	0	29725237	0	/weozh.php
1	0	0	1	1	0	29728518	29724889	0	29728518	29724889	0	/ssixta.php
1	0	0	1	0	0	29727153	0	0	29727153	0	0	/academy.php
1	0	0	1	0	0	29726583	0	0	29726583	0	0	/wp-admin/css/colors/midnight/
1	0	0	2	0	0	29726702	0	0	29725931	0	0	/w2025.php
1	0	0	0	1	0	0	29725237	0	0	29725237	0	/wp-aespa.php
1	0	0	0	1	0	0	29724889	0	0	29724889	0	/echkm.php?p=
1	0	0	2	0	0	29729374	0	0	29725765	0	0	/wp-includes/css/buttons.css
1	0	0	0	1	0	0	29724889	0	0	29724889	0	/login.php
1	0	0	3	1	0	29728518	29724889	0	29725653	29724889	0	/hypo.php
1	0	0	6	0	0	29728586	0	0	29728585	0	0	/images/baforms/uploads/vp67tul1.php
1	0	0	1	0	0	29726702	0	0	29726702	0	0	/chomu.php
1	0	0	1	1	0	29725653	29724671	0	29725653	29724671	0	/0.kb-v3.php
1	0	0	1	0	0	29725931	0	0	29725931	0	0	/aaf.php
1	0	0	1	0	0	29726583	0	0	29726583	0	0	/vendor/
1	0	0	0	3	0	0	29723873	0	0	29723841	0	/login.action
1	0	0	1	0	0	29726702	0	0	29726702	0	0	/wp-access.php
1	0	0	1	0	0	29726583	0	0	29726583	0	0	/wp-admin/images/
1	0	0	1	0	0	29725931	0	0	29725931	0	0	/wp-ws68.php?p=
1	0	0	1	0	0	29727152	0	0	29727152	0	0	/wp-info.php
1	0	0	1	0	0	29728517	0	0	29728517	0	0	/k.php?p=
1	0	0	0	1	0	0	29725237	0	0	29725237	0	/Nx1.php
1	0	0	1	0	0	29725653	0	0	29725653	0	0	/f900.php
1	0	0	1	0	0	29727153	0	0	29727153	0	0	/olik.php
1	0	0	2	0	0	29731718	0	0	29726583	0	0	/wp-content/themes/
1	0	0	0	1	0	0	29724889	0	0	29724889	0	/xsox.php
1	94	94	164	0	29725181	29732392	0	29723839	29725242	0	115416	/
1	0	0	2	1	0	29728517	29724889	0	29725931	29724889	0	/jp.php
1	0	0	1	0	0	29725931	0	0	29725931	0	0	/bless.php
1	0	0	2	0	0	29725931	0	0	29725653	0	0	/koala.php
1	0	0	1	0	0	29726703	0	0	29726703	0	0	/zcxb.php
1	0	0	0	1	0	0	29725237	0	0	29725237	0	/zi-936.php?p=
1	0	0	1	0	0	29727152	0	0	29727152	0	0	/fw/faiyy.php
1	0	0	0	5	0	0	29730492	0	0	29726216	0	/.git/HEAD
1	0	0	1	0	0	29726268	0	0	29726268	0	0	/minify.php
1	0	0	0	3	0	0	29723873	0	0	29723841	0	/console/
1	0	0	1	0	0	29727152	0	0	29727152	0	0	/2000.php
1	0	0	1	0	0	29726702	0	0	29726702	0	0	/wp-slss.php
1	0	0	1	2	0	29725931	29724889	0	29725931	29724557	0	/biufile.php
1	0	0	2	1	0	29728517	29724889	0	29725931	29724889	0	/classwithtostring.php?p=
1	0	0	0	1	0	0	29725237	0	0	29725237	0	/css/test.php
1	0	0	3	0	0	29726268	0	0	29725652	0	0	/ups.php
1	0	0	1	0	0	29725653	0	0	29725653	0	0	/public/v3.php
1	0	0	1	0	0	29726703	0	0	29726703	0	0	/reyna.php
1	0	0	4	2	0	29728517	29725237	0	29725931	29724888	0	/file5.php
1	0	0	0	1	0	0	29725237	0	0	29725237	0	/uploads/hega.php
1	0	0	1	0	0	29726702	0	0	29726702	0	0	/mnpiyfeish.php
1	0	0	1	0	0	29726702	0	0	29726702	0	0	/wp-firewall.php
1	0	0	0	1	0	0	29723940	0	0	29723940	0	/sfcl.php
1	0	0	0	1	0	0	29724889	0	0	29724889	0	/BDKR28.php
1	0	0	1	0	0	29726583	0	0	29726583	0	0	/bb.php
1	0	0	2	2	0	29728517	29724889	0	29725931	29724557	0	/BDKR28WP.php
1	0	0	4	1	0	29728517	29724888	0	29725931	29724888	0	/aaa.php
1	0	0	3	0	0	29725622	0	0	29725359	0	0	/api/
1	0	0	1	0	0	29731718	0	0	29731718	0	0	/file/
1	0	0	1	1	0	29726493	29724975	0	29726493	29724975	0	/th1s_1s_a_4o4.html
1	0	0	0	1	0	0	29725237	0	0	29725237	0	/002.php
1	0	0	1	0	0	29727697	0	0	29727697	0	0	/administrator/components/com_sppagebuilder/config.xml
1	0	0	1	0	0	29726703	0	0	29726703	0	0	/orm.php
1	0	0	1	0	0	29725931	0	0	29725931	0	0	/ccs.php?p=
1	1	0	0	0	29723839	0	0	29723839	0	0	64	/.well-known/acme-challenge/GONZ4IYL2933G24HPX_VZBWOEYEQX3QM
1	0	0	2	3	0	29727152	29725237	0	29725653	29724671	0	/dex.php
1	0	0	1	0	0	29727152	0	0	29727152	0	0	/yas.php
1	0	0	1	0	0	29726268	0	0	29726268	0	0	/block.php
3	0	0	3	0	0	29727379	0	0	29725949	0	0	http://www.xcomic.xyz/
3	14	0	2	2	29723895	29728256	29723876	29723873	29725265	29723846	15578	http://xcomic.xyz.terapk.com/
3	0	0	2	0	0	29725359	0	0	29725359	0	0	https://eu-host-1.championstack.com:2083/
3	0	0	2	1	0	29726216	29726216	0	29726216	29726216	0	https://sucuri.net/
3	1	1	0	1	29725204	0	29725204	29725204	0	29725204	1148	https://xcomic.xyz.terapk.com/
3	4	0	0	0	29724301	0	0	29724301	0	0	3962	http://www.xcomic.xyz/?m=1
3	0	0	1	0	0	29726216	0	0	29726216	0	0	https://www.google.com/images/url
3	0	0	1	0	0	29726216	0	0	29726216	0	0	https://www.google.com/url/?sa=t
3	0	0	1	1	0	29729806	29723951	0	29729806	29723951	0	http://www.xcomic.xyz/robots.txt
3	0	0	5	1	0	29730277	29724571	0	29725927	29724571	0	http://xcomic.xyz/
3	0	0	1	0	0	29726502	0	0	29726502	0	0	https://wordpress.org/
3	5	1	7	2	29727721	29732042	29724975	29724975	29726493	29724975	19757	http://www.google.com/url?url=www.xcomic.xyz&yahoo.com
3	4	0	2	1	29723862	29728564	29723846	29723861	29725648	29723846	4373	http://www.xcomic.xyz.terapk.com/
4	3	1	0	0	29724770	0	0	29724770	0	0	3020	Mozilla/5.0 (X11; Linux x86_64) AppleWebKit/537.36 (KHTML, like Gecko) Chrome/131.0.0.0 Safari/537.36
4	0	0	1	0	0	29731556	0	0	29731556	0	0	Mozilla/5.0 (Macintosh; Intel Mac OS X 10_15_7) AppleWebKit/537.36 (KHTML, like Gecko) Chrome/131.0.0.0 Safari/537.36; compatible; OAI-SearchBot/1.4; robots.txt; +https://openai.com/searchbot
4	0	0	2	0	0	29729651	0	0	29725927	0	0	Mozilla/5.0 (Windows NT 10.0; Win64; x64) AppleWebKit/537.36 (KHTML, like Gecko) Chrome/129.0.0.0 Safari/537.36
4	0	0	1	0	0	29730534	0	0	29730534	0	0	Mozilla/5.0 (X11; Linux x86_64) AppleWebKit/537.36 (KHTML, like Gecko) Chrome/80.0.3987.116 Safari/537.36
4	1	1	0	1	29725007	0	29725007	29725007	0	29725007	706	Mozilla/5.0 (X11; Linux x86_64; rv:68.0) Gecko/20100101 Firefox/68.0
4	27	27	64	2	29725105	29732392	29723994	29723901	29725256	29723904	18974	Mozilla/5.0 (iPhone; CPU iPhone OS 13_2_3 like Mac OS X) AppleWebKit/605.1.15 (KHTML, like Gecko) Version/13.0.3 Mobile/15E148 Safari/604.1
4	0	0	2	0	0	29730453	0	0	29726225	0	0	Mozilla/5.0 (Windows NT 10.0; Win64; x64) AppleWebKit/537.36 (KHTML, like Gecko) Chrome/125.0.0.0 Safari/537.36
4	0	0	0	2	0	0	29731477	0	0	29728215	0	Mozilla/5.0 (compatible; GitFinder/1.0)
4	0	0	1	0	0	29731330	0	0	29731330	0	0	Mozilla/5.0 (Windows NT 10.0; Win64; x64) AppleWebKit/537.36 (KHTML, like Gecko) Chrome/59.0.3071.104 Safari/537.36
4	0	0	1	1	0	29729961	29724134	0	29729961	29724134	0	Mozilla/5.0 (iPad; CPU OS 17_4 like Mac OS X) AppleWebKit/605.1.15 (KHTML, like Gecko) Version/17.4 Mobile/15E148 Safari/604.1
4	1	1	4	1	29723846	29725648	29723846	29723846	29725265	29723846	710	Mozilla/5.0 (X11; Linux x86_64; rv:142.0) Gecko/20100101 Firefox/142.0
4	1	1	0	0	29724751	0	0	29724751	0	0	700	Mozilla/5.0 (Linux; Android 12; I2126) AppleWebKit/537.36 (KHTML, like Gecko) Chrome/101.0.4951.41 Mobile Safari/537.36
4	0	0	4	0	0	29727510	0	0	29726015	0	0	Mozilla/5.0 (compatible; CensysInspect/1.1; +https://about.censys.io/)
4	0	0	2	0	0	29731942	0	0	29731217	0	0	Mozilla/5.0 (Windows NT 10.0; Win64; x64) AppleWebKit/537.36 (KHTML, like Gecko) Chrome/95.0.4638.69 Safari/537.36
4	0	0	1	0	0	29728030	0	0	29728030	0	0	Mozilla/5.0 (compatible; DotBot/1.2; +https://opensiteexplorer.org/dotbot; help@moz.com)
4	0	0	0	1	0	0	29724134	0	0	29724134	0	Mozilla/5.0 (Windows NT 10.0; Win64; x64) AppleWebKit/537.36 (KHTML, like Gecko) Chrome/125.0.6422.112 Safari/537.36 Brave/1.63.120
4	0	0	23	4	0	29731994	29724757	0	29725309	29723858	0	Mozilla/5.0 (compatible; Googlebot/2.1; +http://www.google.com/bot.html)
4	1	1	2	1	29724773	29730811	29724773	29724773	29725873	29724773	704	DuckDuckBot/1.1; (+http://duckduckgo.com/duckduckbot.html)
4	4	4	10	12	29723937	29730483	29724205	29723841	29725578	29723841	2816	Go-http-client/1.1
4	4	3	3	0	29724975	29726493	0	29724975	29726493	0	4778	SiteLockSpider [en] (WinNT; I ;Nav)
4	0	0	3	1	0	29726216	29726216	0	29726216	29726216	0	Mozilla/5.0 (Windows NT 6.3; WOW64; Trident/7.0; rv:11.0) like Gecko
4	1	1	0	1	29724730	0	29724730	29724730	0	29724730	700	Mozilla/5.0 (Windows NT 6.3; Win64; x64) AppleWebKit/537.36 (KHTML, like Gecko) Chrome/62.0.3469.104 Safari/537.36
4	1	1	2	0	29724111	29727049	0	29724111	29726718	0	710	Mozilla/5.0 (Windows NT 10.0; Win64; x64) AppleWebKit/537.36 (KHTML, like Gecko) Chrome/137.0.0.0 Safari/537.36
4	5	1	0	0	29723876	0	0	29723876	0	0	5079	Mozilla/5.0 (Windows NT 10.0; Win64; x64) AppleWebKit/537.36 (KHTML, like Gecko) Chrome/117.0.5938.132 Safari/537.36
4	0	0	1	0	0	29729806	0	0	29729806	0	0	Mozilla/5.0 (compatible;PetalBot;+https://webmaster.petalsearch.com/site/petalbot)
4	4	4	0	40	29724003	0	29724003	29723991	0	29723991	2220	Mozilla/5.0 (Windows NT 10.0; Win64; x64) AppleWebKit/537.36 (KHTML, like Gecko) Chrome/133.0.0.0 Safari/537.36
4	0	0	1	0	0	29726216	0	0	29726216	0	0	Mozilla/5.0 (iPad; CPU OS 11_4_1 like Mac OS X) AppleWebKit/605.1.15 (KHTML, like Gecko) Version/11.0 Mobile/15E148 Safari/604.1
4	1	1	1	0	29724134	29729961	0	29724134	29729961	0	0	Mozilla/5.0 (Linux; Android 12; TECNO CK6n) AppleWebKit/537.36 (KHTML, like Gecko) Chrome/125.0.6422.50 Mobile Safari/537.36
4	0	0	20	4	0	29732197	29724963	0	29725353	29723963	0	Mozilla/5.0 (compatible; coccocbot-web/1.0; +http://help.coccoc.com/searchengine)
4	0	0	2	0	0	29731332	0	0	29727950	0	0	Mozilla/5.0 AppleWebKit/537.36 (KHTML, like Gecko) Chrome/123.0.6312.86 Safari/537.36 BitSightBot/1.0
4	0	0	1	0	0	29726502	0	0	29726502	0	0	Mozilla/5.0 (Windows NT 11.0; Win64; x64) AppleWebKit/537.36 (KHTML, like Gecko) Chrome/118.0.0.0 Safari/537.36
4	5	1	4	0	29724301	29728161	0	29724300	29725581	0	4521	Mozilla/5.0 (Linux; Android 6.0.1; Nexus 5X Build/MMB29P) AppleWebKit/537.36 (KHTML, like Gecko) Chrome/150.0.7871.46 Mobile Safari/537.36 (compatible; Googlebot/2.1; +http://www.google.com/bot.html)
4	2	2	5	0	29725181	29730006	0	29725153	29725289	0	43844	Mozilla/5.0 (compatible; CMS-Checker/1.0; +https://example.com)
4	0	0	1	0	0	29725633	0	0	29725633	0	0	Mozilla/5.0 (Macintosh; Intel Mac OS X 10_10_1) AppleWebKit/537.36 (KHTML, like Gecko) Chrome/39.0.2171.95 Safari/537.36
4	0	0	1	0	0	29725687	0	0	29725687	0	0	Mozilla/5.0 (Windows NT 10.0; Win64; x64) AppleWebKit/537.36 (KHTML, like Gecko) Chrome/126.0.6478.70 Safari/537.36 Vivaldi/6.7.3200.25
4	0	0	1	0	0	29730158	0	0	29730158	0	0	Mozilla/5.0 (Windows NT 10.0; Win64; x64) AppleWebKit/537.36 (KHTML, like Gecko) Chrome/90.0.4430.85 Safari/537.36
4	5	1	0	0	29723873	0	0	29723873	0	0	5079	Mozilla/5.0 (X11; Linux x86_64) AppleWebKit/537.36 (KHTML, like Gecko) Chrome/125.0.0.0 Safari/537.36
4	5	5	0	0	29724148	0	0	29724095	0	0	3532	Mozilla/5.0 (Windows NT 10.0; Win64; x64) AppleWebKit/537.36 (KHTML, like Gecko) Chrome/124.0.0.0 Safari/537.36
4	12	12	0	78	29723874	0	29723874	29723841	0	29723841	10457	Mozilla/5.0 (l9scan/2.0.435313e21313e2533323e2736313; +https://leakix.net)
4	5	1	0	0	29723862	0	0	29723861	0	0	5083	Mozilla/5.0 (iPhone; CPU iPhone OS 26_3 like Mac OS X) AppleWebKit/605.1.15 (KHTML, like Gecko) CriOS/144.0.7559.95 Mobile/15E148 Safari/604.1
4	0	0	9	0	0	29731718	0	0	29731718	0	0	Mozilla/5.0 (Windows NT 10.0; Win64; x64) AppleWebKit/537.36 (KHTML, like Gecko) Chrome/120.0.0.0 Safari/537.36
4	0	0	1	0	0	29731282	0	0	29731282	0	0	Mozilla/5.0 (Macintosh; Intel Mac OS X 10_15_7) AppleWebKit/537.36
4	0	0	0	8	0	0	29730492	0	0	29730428	0	Mozilla/5.0 (Windows NT 10.0; Win64; x64) AppleWebKit/537.36
4	0	0	1	0	0	29728964	0	0	29728964	0	0	WP-Safe-Scanner/2.0
4	0	0	1	0	0	29726522	0	0	29726522	0	0	Mozilla/5.0 (Windows NT 10.0; Win64; x64) AppleWebKit/537.36 (KHTML, like Gecko) Chrome/149.0.0.0 Safari/537.36
4	0	0	4	0	0	29731283	0	0	29725713	0	0	Mozilla/5.0 (Macintosh; Intel Mac OS X 10_15_7) AppleWebKit/605.1.15 (KHTML, like Gecko) Version/15.1 Safari/605.1.15
4	0	0	1	0	0	29731494	0	0	29731494	0	0	Mozilla/5.0 (Windows NT 10.0; Win64; x64; rv:150.0) Gecko/20100101 Firefox/150.0
4	16	16	0	0	29724046	0	0	29723897	0	0	11296	Mozilla/5.0 (Windows NT 10.0; Win64; x64; rv:149.0) Gecko/20100101 Firefox/149.0
4	2	2	0	0	29723839	0	0	29723839	0	0	1416	Mozilla/5.0 (Windows NT 10.0; Win64; x64) AppleWebKit/537.36 (KHTML, like Gecko) Chrome/137.0.0.0 Safari/537.36 +https://forestengine.net/#opt-out
4	0	0	2	0	0	29728565	0	0	29728565	0	0	Mozilla/5.0 (compatible; MJ12bot/v1.4.8; http://mj12bot.com/)
4	1	1	0	0	29724111	0	0	29724111	0	0	710	Mozilla/5.0 (iPhone; CPU iPhone OS 18_5 like Mac OS X) AppleWebKit/605.1.15 (KHTML, like Gecko) Version/18.5 Mobile/15E148 Safari/604.1
4	2	2	8	2	29724571	29730277	29724571	29723846	29727380	29723846	1406	Mozilla/5.0 (X11; Linux x86_64) AppleWebKit/537.36 (KHTML, like Gecko) Chrome/142.0.0.0 Safari/537.36
4	0	0	0	1	0	0	29724134	0	0	29724134	0	Mozilla/5.0 (Windows NT 10.0; WOW64) AppleWebKit/537.36 (KHTML, like Gecko) Chrome/118.0.5993.90 Safari/537.36
4	0	0	0	1	0	0	29724134	0	0	29724134	0	Mozilla/5.0 (Macintosh; Intel Mac OS X 15_0) AppleWebKit/537.36 (KHTML, like Gecko) Chrome/125.0.6422.141 Safari/537.36
4	0	0	1	0	0	29730060	0	0	29730060	0	0	Mozilla/5.0 (X11; Linux x86_64) AppleWebKit/537.36 (KHTML, like Gecko) Chrome/137.0.0.0 Safari/537.36
4	0	0	1	0	0	29725687	0	0	29725687	0	0	Mozilla/5.0 (Linux; Android 14; OnePlus 12) AppleWebKit/537.36 (KHTML, like Gecko) Chrome/125.0.6422.102 Mobile Safari/537.36
4	0	0	1	0	0	29725687	0	0	29725687	0	0	Mozilla/5.0 (X11; Linux x86_64; rv:127.0) Gecko/20100101 Firefox/127.0
4	0	0	0	3	0	0	29724740	0	0	29724687	0	Mozilla/5.0
4	3	1	0	0	29723894	0	0	29723894	0	0	3020	Mozilla/5.0 (Windows NT 6.1; Win64; x64) AppleWebKit/537.36 (KHTML, like Gecko) Chrome/83.0.4103.61 Safari/537.36
4	0	0	4	0	0	29730002	0	0	29725242	0	0	Mozilla/5.0 (Windows NT 10.0; Win64; x64) AppleWebKit/537.36 (KHTML, like Gecko) Chrome/78.0.3904.108 Safari/537.36
4	0	0	1	0	0	29729961	0	0	29729961	0	0	Mozilla/5.0 (Linux; Android 14; Samsung SM-A546B) AppleWebKit/537.36 (KHTML, like Gecko) Chrome/126.0.6478.14 Mobile Safari/537.36
4	0	0	1	0	0	29725687	0	0	29725687	0	0	Mozilla/5.0 (Windows NT 11.0; Win64; x64) AppleWebKit/537.36 (KHTML, like Gecko) Chrome/128.0.6540.18 Safari/537.36
4	2	2	1	0	29725051	29726029	0	29724759	29726029	0	1410	Mozilla/5.0 (compatible; InternetMeasurement/1.0; +https://internet-measurement.com/)
4	15	0	0	0	29723872	0	0	29723839	0	0	1305	Mozilla/5.0 (compatible; Let's Encrypt validation server; +https://www.letsencrypt.org)
4	1	1	0	0	29724710	0	0	29724710	0	0	700	Mozilla/5.0 (Linux; Android 14; SM-S901B) AppleWebKit/537.36 (KHTML, like Gecko) Chrome/120.0.6099.280 Mobile Safari/537.36 OPR/80.4.4244.7786
4	0	0	1	0	0	29731282	0	0	29731282	0	0	Mozilla/5.0 (Windows NT 10.0; Win64; x64) AppleWebKit/537.36 (KHTML, like Gecko) Chrome/107.0.0.0 Safari/537.36 Edg/107.0.1418.62
4	0	0	5	0	0	29725989	0	0	29725935	0	0	Mozilla/5.0 (Windows NT 10.0; Win64; x64) AppleWebKit/537.36 (KHTML, like Gecko) Chrome/123.0.0.0 Safari/537.36
4	5	1	0	0	29723895	0	0	29723895	0	0	5079	Mozilla/5.0 (Windows NT 10.0; Win64; x64) AppleWebKit/537.36 (KHTML, like Gecko) Chrome/79.0.3945.79 Safari/537.36
4	0	0	1	1	0	29728868	29724732	0	29728868	29724732	0	ALittle Client
4	0	0	2	0	0	29725622	0	0	29725622	0	0	Mozilla/5.0 (Linux; Android 10; K) AppleWebKit/537.36 (KHTML, like Gecko) Chrome/149.0.0.0 Mobile Safari/537.36
4	0	0	1	0	0	29728526	0	0	29728526	0	0	Mozilla/5.0 (X11; Ubuntu; Linux x86_64; rv:152.0) Gecko/20100101 Firefox/152.0
4	1	1	0	0	29724019	0	0	29724019	0	0	706	Mozilla/5.0 (iPhone; CPU iPhone OS 14_4 like Mac OS X) AppleWebKit/605.1.15 (KHTML, like Gecko) Version/15.4 Mobile/15E148 Safari/604.1
4	0	0	1	0	0	29729961	0	0	29729961	0	0	Mozilla/5.0 (Linux; U; Android 10; en-US; CPH2015) AppleWebKit/537.36 (KHTML, like Gecko) UCBrowser/13.5.8.1311 Mobile Safari/537.36
4	0	0	1	0	0	29730185	0	0	29730185	0	0	Mozilla/5.0 (Windows NT 6.1; Win64; x64; rv:109.0) Gecko/20100101 Firefox/115
4	0	0	7	2	0	29731736	29723999	0	29725830	29723999	0	Mozilla/5.0 (Windows NT 10.0; Win64; x64) AppleWebKit/537.36 (KHTML, like Gecko) Chrome/114.0.0.0 Safari/537.36
4	0	0	0	1	0	0	29723951	0	0	29723951	0	Mozilla/5.0 (Windows NT 10.0; Win64; x64) AppleWebKit/537.36 (KHTML, like Gecko) Chrome/148.0.0.0 Safari/537.36
4	3	1	0	0	29724776	0	0	29724776	0	0	3014	Mozilla/5.0 (Macintosh; Intel Mac OS X 10.15; rv:133.0) Gecko/20100101 Firefox/133.0
4	1	1	0	0	29724787	0	0	29724787	0	0	565	Python/3.11 aiohttp/3.13.3
4	0	0	2	1	0	29729961	29724134	0	29725687	29724134	0	Mozilla/5.0 (Linux; Android 13; Nokia G42 5G) AppleWebKit/537.36 (KHTML, like Gecko) Chrome/126.0.6478.41 Mobile Safari/537.36
4	0	0	1	0	0	29729467	0	0	29729467	0	0	Mozilla/5.0 (Macintosh; Intel Mac OS X 10_15_7) AppleWebKit/537.36 (KHTML, like Gecko) Chrome/91.0.4472.114 Safari/537.36
4	0	0	1	0	0	29731412	0	0	29731412	0	0	Mozilla/5.0 (compatible; jscrawler/0.1; +https://github.com/)
4	0	0	0	1	0	0	29723876	0	0	29723876	0	Mozilla/5.0 (X11; Linux x86_64) AppleWebKit/537.36 (KHTML, like Gecko) HeadlessChrome/150.0.0.0 Safari/537.36
4	0	0	1	0	0	29727523	0	0	29727523	0	0	Mozilla/5.0 (Windows NT 10.0; Win64; x64) AppleWebKit/537.36 (KHTML, like Gecko) Chrome/130.0.0.0 Safari/537.36 CCleaner/130.0.0.0
4	0	0	3	0	0	29727379	0	0	29725949	0	0	Mozilla/5.0 (Linux; Android 7.0;) AppleWebKit/537.36 (HTML, like Gecko) Mobile Safari/537.36 (compatible; PetalBot;+https://webmaster.petalsearch.com/site/petalbot)
4	0	0	2	0	0	29731332	0	0	29727950	0	0	python-requests/2.31.0
4	0	0	1	0	0	29729558	0	0	29729558	0	0	Mozilla/5.0 (compatible; SecurityResearch/1.0; )
4	0	0	3	0	0	29727605	0	0	29725489	0	0	Mozilla/5.0 (Linux; U; Android 13; sk-sk; Xiaomi 11T Pro Build/TKQ1.220829.002) AppleWebKit/537.36 (KHTML, like Gecko) Version/4.0 Chrome/112.0.5615.136 Mobile Safari/537.36 XiaoMi/MiuiBrowser/14.4.0-g
4	0	0	3	0	0	29731283	0	0	29725714	0	0	Mozilla/5.0 (Windows NT 10.0; Win64; x64) AppleWebKit/537.36 Chrome/114.0.5735.110 Safari/537.36
4	0	0	0	2	0	0	29725111	0	0	29724968	0	Mozilla/5.0 (Macintosh; Intel Mac OS X 10_15_7) AppleWebKit/537.36 (KHTML, like Gecko) Chrome/131.0.0.0 Safari/537.36; compatible; OAI-SearchBot/1.0; +https://openai.com/searchbot
4	1	1	0	1	29725204	0	29725204	29725204	0	29725204	1148	Mozilla/5.0 (Macintosh; Intel Mac OS X 10_15_7) AppleWebKit/537.36 (KHTML, like Gecko) Chrome/131.0.0.0 Safari/537.36
4	0	0	0	1	0	0	29724697	0	0	29724697	0	Mozilla/5.0 (Windows NT 10.0; Win64; x64) AppleWebKit/537.36 (KHTML, like Gecko) Chrome/131.0.0.0 Safari/537.36
4	0	0	4	0	0	29725408	0	0	29725359	0	0	Mozilla/5.0 (Windows NT 10.0; Win64; x64) AppleWebKit/537.36 (KHTML, like Gecko) Chrome/150.0.0.0 Safari/537.36 Edg/150.0.0.0
4	3	3	17	0	29725075	29732093	0	29724329	29725769	0	2100	Mozilla/5.0 (Windows NT 10.0; Win64; x64) AppleWebKit/537.36 (KHTML, like Gecko) Chrome/94.0.4606.61 Safari/537.36
4	0	0	1	0	0	29725315	0	0	29725315	0	0	Mozilla/5.0 (Windows NT 10.0; Win64; x64; rv:151.0) Gecko/20100101 Firefox/151.0
4	0	0	1	0	0	29726216	0	0	29726216	0	0	Mozilla/5.0 (Windows NT 6.1) AppleWebKit/537.36 (KHTML, like Gecko) Chrome/67.0.3396.99 Safari/537.36
4	0	0	2	0	0	29727828	0	0	29727828	0	0	Mozilla/5.0 (Windows NT 10.0; Win64; x64; rv:123.0) Gecko/20100101 Firefox/123.0
4	0	0	54	0	0	29728586	0	0	29728585	0	0	Mozilla/5.0 (Windows NT 10.0; Win64; x64) AppleWebKit/537.36 (KHTML, like Gecko) Chrome/126.0.0.0 Safari/537.36
4	0	0	1	0	0	29730216	0	0	29730216	0	0	python-requests/2.34.2
4	1	1	0	1	29724208	0	29724208	29724208	0	29724208	704	Mozilla/5.0 (Windows NT 10.0; Win64; x64) AppleWebKit/537.36 (KHTML, like Gecko) Chrome/122.0.0.0 Safari/537.36
4	5	5	0	0	29723911	0	0	29723869	0	0	6857	Mozilla/5.0 (X11; Ubuntu; Linux x86_64; rv:134.0) Gecko/20100101 Firefox/134.0
4	0	0	1	0	0	29729961	0	0	29729961	0	0	Mozilla/5.0 (Windows NT 11.0; Win64; x64) AppleWebKit/537.36 (KHTML, like Gecko) Edg/128.0.2790.25 Chrome/128.0.6540.22 Safari/537.36
4	0	0	2	0	0	29729961	0	0	29725687	0	0	Mozilla/5.0 (iPhone; CPU iPhone OS 17_5 like Mac OS X) AppleWebKit/605.1.15 (KHTML, like Gecko) Version/17.5 Mobile/15E148 Safari/604.1
4	0	0	2	0	0	29725915	0	0	29725915	0	0	Mozilla/5.0 (compatible; ips-agent)
4	1	1	0	0	29724019	0	0	29724019	0	0	706	Mozilla/5.0 (Macintosh; Intel Mac OS X 10_15_7) AppleWebKit/537.36 (KHTML, like Gecko) Chrome/113.0.0.0 Safari/537.36
4	0	0	5	0	0	29731283	0	0	29725713	0	0	Mozilla/5.0 (X11; Linux x86_64) AppleWebKit/537.36 Chrome/113.0.0.0 Safari/537.36
4	0	0	0	1	0	0	29724134	0	0	29724134	0	Mozilla/5.0 (Windows NT 10.0; Win64; x64) AppleWebKit/537.36 (KHTML, like Gecko) Chrome/127.0.6534.42 Safari/537.36
4	5	1	7	2	29727721	29732042	29724975	29724975	29726493	29724975	19757	Mozilla/5.0 (compatible; MSIE 9.0; Windows NT 6.1; WOW64; Trident/6.0)
4	0	0	1	0	0	29725687	0	0	29725687	0	0	Mozilla/5.0 (iPhone; CPU iPhone OS 16_7 like Mac OS X) AppleWebKit/605.1.15 (KHTML, like Gecko) Version/16.7 Mobile/15E148 Safari/604.1
4	0	0	1	0	0	29731268	0	0	29731268	0	0	Mozilla/5.0 (Windows NT 10.0; Win64; x64) AppleWebKit/537.36 (KHTML, like Gecko) Chrome/138.0.0.0 Safari/537.36
4	0	0	2	0	0	29725633	0	0	29725633	0	0	python-requests/2.28.2
4	0	0	6	0	0	29732081	0	0	29726662	0	0	Mozilla/5.0 (compatible; MJ12bot/v2.0.5; http://mj12bot.com/)
4	7	0	0	0	29723871	0	0	29723839	0	0	448	Cpanel-HTTP-Client/1.0
4	2	2	0	2	29725052	0	29725052	29724759	0	29724759	2737	curl/7.61.1
5	0	0	1	0	0	29730172	0	0	29730172	0	0	155.94.203.151
5	1	1	2	1	29724773	29730811	29724773	29724773	29725873	29724773	704	20.191.45.212
5	1	1	0	1	29725007	0	29725007	29725007	0	29725007	706	107.173.171.201
5	2	2	0	2	29723841	0	29723841	29723841	0	29723841	1416	51.89.167.1
5	4	4	0	26	29723874	0	29723874	29723873	0	29723873	3461	157.245.204.205
5	2	2	0	0	29723969	0	0	29723967	0	0	1416	162.243.4.239
5	0	0	0	1	0	0	29724963	0	0	29724963	0	103.131.71.172
5	0	0	1	0	0	29725908	0	0	29725908	0	0	103.131.71.169
5	0	0	1	0	0	29732188	0	0	29732188	0	0	43.157.62.101
5	0	0	1	0	0	29730162	0	0	29730162	0	0	103.131.71.164
5	0	0	4	0	0	29731736	0	0	29728074	0	0	141.98.11.134
5	0	0	1	0	0	29730509	0	0	29730509	0	0	43.140.247.223
5	0	0	6	0	0	29725714	0	0	29725713	0	0	45.153.34.223
5	0	0	2	0	0	29725265	0	0	29725265	0	0	159.203.3.27
5	0	0	1	0	0	29726225	0	0	29726225	0	0	34.139.56.241
5	2	2	0	0	29723963	0	0	29723959	0	0	1416	167.71.206.241
5	0	0	1	0	0	29727869	0	0	29727869	0	0	103.131.71.155
5	0	0	0	1	0	0	29724697	0	0	29724697	0	139.199.225.96
5	1	0	0	0	29723839	0	0	29723839	0	0	87	35.165.72.37
5	0	0	1	0	0	29728126	0	0	29728126	0	0	103.131.71.146
5	1	0	6	0	29726493	29726493	0	29726493	29726493	0	3562	184.154.76.44
5	0	0	1	0	0	29730149	0	0	29730149	0	0	146.56.229.214
5	0	0	1	0	0	29729558	0	0	29729558	0	0	193.32.162.60
5	1	1	0	0	29725105	0	0	29725105	0	0	704	43.135.133.241
5	0	0	3	0	0	29725633	0	0	29725633	0	0	203.159.90.170
5	0	0	1	0	0	29725353	0	0	29725353	0	0	103.131.71.138
5	0	0	1	0	0	29725769	0	0	29725769	0	0	155.94.203.104
5	8	2	0	0	29723895	0	0	29723894	0	0	8099	205.169.39.122
5	1	1	0	0	29723901	0	0	29723901	0	0	700	43.134.78.217
5	0	0	1	0	0	29725698	0	0	29725698	0	0	103.131.71.133
5	0	0	104	0	0	29728518	0	0	29728517	0	0	20.195.196.194
5	0	0	1	0	0	29729389	0	0	29729389	0	0	103.131.71.130
5	0	0	0	1	0	0	29724017	0	0	29724017	0	103.131.71.127
5	0	0	0	1	0	0	29723994	0	0	29723994	0	43.153.12.58
5	0	0	1	0	0	29729651	0	0	29729651	0	0	80.94.95.202
5	0	0	1	0	0	29728192	0	0	29728192	0	0	185.187.171.97
5	3	3	0	0	29723929	0	0	29723897	0	0	2116	174.138.37.221
5	2	2	0	0	29724019	0	0	29724019	0	0	1412	54.189.193.158
5	0	0	1	0	0	29727565	0	0	29727565	0	0	43.131.23.154
5	0	0	1	0	0	29725765	0	0	29725765	0	0	147.93.168.73
5	0	0	2	0	0	29730380	0	0	29728528	0	0	43.162.109.249
5	1	0	2	0	29727721	29732042	0	29727721	29727721	0	3562	184.154.76.13
5	0	0	1	0	0	29726625	0	0	29726625	0	0	43.160.225.169
5	0	0	1	0	0	29728053	0	0	29728053	0	0	43.130.26.3
5	0	0	1	0	0	29730185	0	0	29730185	0	0	192.36.109.123
5	0	0	1	0	0	29726456	0	0	29726456	0	0	43.165.198.224
5	0	0	2	0	0	29727632	0	0	29727632	0	0	51.68.107.151
5	0	0	1	0	0	29728216	0	0	29728216	0	0	43.130.57.46
5	1	1	0	0	29724896	0	0	29724896	0	0	700	45.92.84.116
5	0	0	0	15	0	0	29724058	0	0	29724058	0	20.194.34.72
5	0	0	1	0	0	29729550	0	0	29729550	0	0	43.164.190.28
5	1	1	0	0	29723937	0	0	29723937	0	0	700	31.56.56.174
5	0	0	1	0	0	29728678	0	0	29728678	0	0	103.131.71.104
5	0	0	4	0	0	29725408	0	0	29725359	0	0	103.125.97.179
5	1	0	0	0	29723839	0	0	29723839	0	0	87	3.148.144.192
5	0	0	1	1	0	29730338	29724516	0	29730338	29724516	0	103.131.71.102
5	0	0	1	0	0	29726667	0	0	29726667	0	0	43.166.136.202
5	0	0	1	0	0	29727019	0	0	29727019	0	0	103.131.71.100
5	4	4	0	26	29723842	0	29723842	29723841	0	29723841	3506	143.244.168.161
5	0	0	1	0	0	29729056	0	0	29729056	0	0	43.161.217.205
5	0	0	1	0	0	29728030	0	0	29728030	0	0	216.244.66.242
5	0	0	1	0	0	29725578	0	0	29725578	0	0	104.28.214.116
5	0	0	1	0	0	29728192	0	0	29728192	0	0	92.119.18.96
5	0	0	1	0	0	29727605	0	0	29727605	0	0	192.36.109.105
5	0	0	2	0	0	29728256	0	0	29728256	0	0	159.65.222.221
5	2	2	0	0	29724111	0	0	29724111	0	0	1420	34.220.106.11
5	0	0	1	0	0	29726314	0	0	29726314	0	0	199.45.154.136
5	0	0	0	1	0	0	29724968	0	0	29724968	0	104.210.140.143
5	0	0	4	0	0	29731050	0	0	29725583	0	0	66.249.74.77
5	0	0	1	0	0	29731330	0	0	29731330	0	0	183.207.45.104
5	0	0	5	1	0	29728211	29723858	0	29725309	29723858	0	66.249.74.76
5	0	0	1	0	0	29731494	0	0	29731494	0	0	208.84.100.137
5	0	0	0	1	0	0	29724740	0	0	29724740	0	159.65.239.181
5	0	0	4	1	0	29729638	29723858	0	29725581	29723858	0	66.249.74.75
5	0	0	1	0	0	29727224	0	0	29727224	0	0	45.92.85.193
5	0	0	1	0	0	29727293	0	0	29727293	0	0	45.92.85.200
5	1	1	0	0	29724157	0	0	29724157	0	0	700	111.230.233.46
5	1	1	0	0	29723903	0	0	29723903	0	0	700	134.209.184.81
5	0	0	0	1	0	0	29725111	0	0	29725111	0	104.210.140.128
5	0	0	0	139	0	0	29725237	0	0	29725237	0	4.213.48.53
5	0	0	1	0	0	29730734	0	0	29730734	0	0	184.154.139.45
5	0	0	1	0	0	29732093	0	0	29732093	0	0	45.92.85.182
5	7	4	0	2	29724975	0	29724975	29724975	0	29724975	17411	184.154.139.43
5	0	0	1	0	0	29731679	0	0	29731679	0	0	43.165.126.130
5	0	0	1	0	0	29730482	0	0	29730482	0	0	45.84.139.22
5	2	2	0	0	29724020	0	0	29724019	0	0	1410	46.101.244.150
5	0	0	2	0	0	29731942	0	0	29731217	0	0	157.66.56.149
5	1	0	0	0	29723839	0	0	29723839	0	0	87	23.178.112.108
5	0	0	1	0	0	29730158	0	0	29730158	0	0	139.59.104.96
5	1	0	0	0	29723839	0	0	29723839	0	0	87	23.178.112.104
5	1	0	0	0	29723872	0	0	29723872	0	0	87	23.178.112.103
5	0	0	2	2	0	29725830	29723999	0	29725830	29723999	0	178.128.61.43
5	0	0	1	0	0	29730482	0	0	29730482	0	0	84.247.40.254
5	0	0	2	0	0	29725648	0	0	29725648	0	0	165.245.254.230
5	0	0	1	0	0	29725315	0	0	29725315	0	0	193.42.56.225
5	0	0	1	0	0	29728820	0	0	29728820	0	0	45.92.85.85
5	1	1	0	0	29725064	0	0	29725064	0	0	700	49.51.233.95
5	1	0	0	0	29723839	0	0	29723839	0	0	87	3.147.59.65
5	0	0	0	1	0	0	29724720	0	0	29724720	0	159.89.26.106
5	0	0	1	0	0	29726770	0	0	29726770	0	0	162.14.66.219
5	0	0	1	0	0	29727049	0	0	29727049	0	0	64.89.163.50
5	0	0	2	0	0	29725622	0	0	29725622	0	0	103.161.151.232
5	1	1	0	0	29723930	0	0	29723930	0	0	1361	64.89.163.48
5	1	1	0	0	29724003	0	0	29724003	0	0	706	43.156.228.27
5	0	0	1	0	0	29730002	0	0	29730002	0	0	143.244.57.90
5	0	0	1	0	0	29728526	0	0	29728526	0	0	163.172.74.34
5	0	0	54	0	0	29728586	0	0	29728585	0	0	2.27.165.115
5	0	0	1	0	0	29727379	0	0	29727379	0	0	114.119.136.99
5	0	0	9	0	0	29731718	0	0	29731718	0	0	91.224.92.159
5	1	1	0	0	29725075	0	0	29725075	0	0	700	45.92.85.65
5	0	0	1	0	0	29727610	0	0	29727610	0	0	43.165.174.53
5	0	0	1	0	0	29725949	0	0	29725949	0	0	114.119.134.231
5	0	0	1	0	0	29729806	0	0	29729806	0	0	114.119.140.179
5	1	1	0	0	29723948	0	0	29723948	0	0	704	49.51.178.45
5	0	0	1	0	0	29727241	0	0	29727241	0	0	45.92.85.126
5	0	0	2	0	0	29727380	0	0	29727380	0	0	164.90.199.9
5	0	0	1	0	0	29728665	0	0	29728665	0	0	45.92.84.8
5	0	0	1	0	0	29731556	0	0	29731556	0	0	74.7.244.55
5	0	0	2	0	0	29727828	0	0	29727828	0	0	102.220.160.79
5	5	1	0	0	29723862	0	0	29723861	0	0	5083	103.196.9.10
5	1	1	0	0	29724550	0	0	29724550	0	0	1361	64.89.163.26
5	1	1	0	1	29724571	0	29724571	29724571	0	29724571	700	138.68.153.252
5	0	0	1	0	0	29726232	0	0	29726232	0	0	43.135.145.117
5	0	0	1	0	0	29726837	0	0	29726837	0	0	43.157.172.39
5	1	1	0	0	29723965	0	0	29723965	0	0	704	43.154.250.181
5	0	0	0	9	0	0	29724205	0	0	29724205	0	185.194.178.2
5	0	0	26	0	0	29726268	0	0	29726268	0	0	20.104.50.116
5	0	0	1	0	0	29725242	0	0	29725242	0	0	34.12.176.150
5	0	0	0	1	0	0	29723951	0	0	29723951	0	114.119.128.46
5	0	0	1	0	0	29729374	0	0	29729374	0	0	129.213.77.23
5	1	1	0	0	29723839	0	0	29723839	0	0	710	146.190.238.72
5	0	0	2	0	0	29728564	0	0	29728564	0	0	64.23.180.126
5	0	0	1	0	0	29729327	0	0	29729327	0	0	43.153.122.30
5	0	0	1	0	0	29726945	0	0	29726945	0	0	114.119.128.37
5	0	0	1	0	0	29727059	0	0	29727059	0	0	43.162.114.69
5	1	1	0	0	29724372	0	0	29724372	0	0	700	43.157.95.239
5	0	0	1	0	0	29725275	0	0	29725275	0	0	198.11.177.243
5	0	0	1	0	0	29730534	0	0	29730534	0	0	148.72.140.6
5	0	0	1	0	0	29726034	0	0	29726034	0	0	66.132.172.138
5	2	2	0	2	29723846	0	29723846	29723846	0	29723846	1416	104.248.88.255
5	0	0	1	0	0	29727510	0	0	29727510	0	0	66.132.172.137
5	0	0	1	0	0	29726015	0	0	29726015	0	0	66.132.172.136
5	1	0	0	0	29723839	0	0	29723839	0	0	87	13.60.167.95
5	0	0	1	0	0	29731311	0	0	29731311	0	0	129.204.188.64
5	1	1	0	0	29725051	0	0	29725051	0	0	706	87.236.176.183
5	0	0	1	0	0	29726520	0	0	29726520	0	0	45.92.86.171
5	0	0	2	0	0	29731666	0	0	29725256	0	0	119.45.7.86
5	1	1	0	0	29723953	0	0	29723953	0	0	700	43.157.174.69
5	1	1	0	6	29724134	0	29724134	29724134	0	29724134	0	34.175.31.107
5	0	0	1	0	0	29730233	0	0	29730233	0	0	43.130.131.18
5	0	0	1	0	0	29726185	0	0	29726185	0	0	43.153.123.3
5	1	1	0	0	29724127	0	0	29724127	0	0	700	170.106.11.6
5	1	0	0	0	29723872	0	0	29723872	0	0	87	44.250.167.55
5	0	0	1	0	0	29727506	0	0	29727506	0	0	146.56.197.150
5	0	0	1	0	0	29726522	0	0	29726522	0	0	34.205.50.8
5	0	0	2	0	0	29726662	0	0	29726662	0	0	51.68.236.72
5	0	0	2	0	0	29732081	0	0	29732081	0	0	51.68.236.69
5	1	1	0	0	29724022	0	0	29724022	0	0	706	167.99.210.135
5	5	5	0	0	29724148	0	0	29724095	0	0	3532	52.230.100.152
5	0	0	140	0	0	29726703	0	0	29726702	0	0	20.210.177.159
5	1	1	0	0	29724874	0	0	29724874	0	0	700	123.207.65.62
5	1	1	0	0	29724177	0	0	29724177	0	0	704	43.166.132.142
5	0	0	1	0	0	29725492	0	0	29725492	0	0	43.133.91.48
5	0	0	1	0	0	29727787	0	0	29727787	0	0	43.159.152.187
5	3	1	0	0	29723873	0	0	29723873	0	0	2352	34.72.176.129
5	0	0	1	1	0	29728868	29724732	0	29728868	29724732	0	64.89.161.160
5	0	0	1	0	0	29726007	0	0	29726007	0	0	49.51.196.42
5	0	0	6	0	0	29731283	0	0	29731283	0	0	91.92.42.30
5	0	0	1	0	0	29725769	0	0	29725769	0	0	43.157.180.116
5	0	0	0	1	0	0	29723904	0	0	29723904	0	162.62.213.165
5	4	4	0	26	29723842	0	29723842	29723841	0	29723841	3490	164.92.107.174
5	0	0	1	0	0	29728259	0	0	29728259	0	0	150.109.46.88
5	0	0	1	0	0	29732392	0	0	29732392	0	0	43.135.211.148
5	1	0	0	0	29723872	0	0	29723872	0	0	87	13.59.229.154
5	0	0	1	2	0	29731412	29731477	0	29731412	29728215	0	185.93.89.147
5	1	1	0	0	29724024	0	0	29724024	0	0	707	43.166.1.243
5	1	1	0	0	29723908	0	0	29723908	0	0	1361	91.231.89.127
5	1	1	1	0	29724329	29730653	0	29724329	29730653	0	700	45.92.87.205
5	1	1	1	0	29724496	29732034	0	29724496	29732034	0	704	49.233.45.47
5	1	1	0	0	29723911	0	0	29723911	0	0	1376	91.231.89.122
5	1	1	0	0	29724034	0	0	29724034	0	0	705	43.167.245.18
5	0	0	1	0	0	29725876	0	0	29725876	0	0	110.80.136.226
5	1	1	0	0	29723908	0	0	29723908	0	0	1372	91.231.89.39
5	0	0	1	0	0	29727148	0	0	29727148	0	0	139.155.134.17
5	0	0	1	0	0	29730216	0	0	29730216	0	0	20.226.114.112
5	0	0	1	0	0	29729216	0	0	29729216	0	0	45.92.87.171
5	0	0	0	1	0	0	29724687	0	0	29724687	0	45.55.172.183
5	1	1	0	0	29723923	0	0	29723923	0	0	700	43.155.162.41
5	0	0	1	0	0	29726410	0	0	29726410	0	0	43.154.140.188
5	0	0	2	0	0	29731332	0	0	29731332	0	0	185.117.225.59
5	0	0	4	0	0	29725989	0	0	29725989	0	0	194.59.31.105
5	7	0	0	0	29723871	0	0	29723839	0	0	448	167.235.11.154
5	1	1	0	0	29723870	0	0	29723870	0	0	1376	91.231.89.17
5	1	1	0	0	29723869	0	0	29723869	0	0	1372	91.231.89.16
5	4	1	4	2	29724301	29728161	29724757	29724300	29726217	29724300	2384	66.249.65.46
5	1	1	0	0	29724787	0	0	29724787	0	0	565	138.199.40.165
5	0	0	4	0	0	29731994	0	0	29726217	0	0	66.249.65.45
5	0	0	2	0	0	29728650	0	0	29725957	0	0	129.226.193.111
5	5	1	0	1	29723876	0	29723876	29723876	0	29723876	5079	205.169.39.45
5	0	0	2	0	0	29727950	0	0	29727950	0	0	185.117.225.45
5	1	1	0	0	29724620	0	0	29724620	0	0	700	49.51.33.159
5	0	0	1	0	0	29725657	0	0	29725657	0	0	43.138.68.113
5	1	1	0	1	29725204	0	29725204	29725204	0	29725204	1148	94.26.106.90
5	0	0	7	0	0	29729961	0	0	29729961	0	0	34.141.87.152
5	1	1	0	1	29723873	0	29723873	29723873	0	29723873	700	57.129.16.41
5	1	0	4	0	29724301	29731994	0	29724301	29727656	0	2137	66.249.65.32
5	0	0	116	1	0	29726584	29726583	0	29726582	29726583	0	20.200.222.86
5	0	0	1	0	0	29731669	0	0	29731669	0	0	103.131.71.95
5	1	1	0	0	29723915	0	0	29723915	0	0	710	167.71.221.121
5	1	1	0	0	29724751	0	0	29724751	0	0	700	54.158.80.169
5	0	0	3	0	0	29725303	0	0	29725289	0	0	34.86.19.15
5	0	0	1	0	0	29725320	0	0	29725320	0	0	49.51.183.15
5	6	2	0	0	29724776	0	0	29724770	0	0	6034	93.123.109.52
5	0	0	2	0	0	29730912	0	0	29729787	0	0	124.222.230.178
5	0	0	163	0	0	29725931	0	0	29725930	0	0	20.104.218.124
5	0	0	1	0	0	29730483	0	0	29730483	0	0	84.247.42.222
5	0	0	1	0	0	29728008	0	0	29728008	0	0	43.153.86.78
5	4	4	0	40	29724003	0	29724003	29723991	0	29723991	2220	206.123.156.179
5	1	0	0	0	29723839	0	0	29723839	0	0	87	52.221.186.7
5	0	0	1	0	0	29725726	0	0	29725726	0	0	43.133.253.253
5	1	1	0	0	29723975	0	0	29723975	0	0	704	43.166.240.231
5	0	0	1	0	0	29725489	0	0	29725489	0	0	93.158.91.243
5	0	0	2	0	0	29730277	0	0	29730277	0	0	164.90.206.143
5	0	0	1	0	0	29725489	0	0	29725489	0	0	93.158.91.241
5	0	0	1	0	0	29727775	0	0	29727775	0	0	45.92.84.74
5	0	0	1	0	0	29729819	0	0	29729819	0	0	103.131.71.71
5	0	0	1	0	0	29726002	0	0	29726002	0	0	175.27.163.171
5	0	0	1	0	0	29728964	0	0	29728964	0	0	68.183.230.109
5	0	0	1	0	0	29728652	0	0	29728652	0	0	129.28.84.30
5	0	0	1	0	0	29731234	0	0	29731234	0	0	103.131.71.65
5	1	0	0	0	29723873	0	0	29723873	0	0	2321	104.197.69.115
5	0	0	1	0	0	29726852	0	0	29726852	0	0	38.253.224.42
5	0	0	1	0	0	29726841	0	0	29726841	0	0	103.131.71.63
5	0	0	1	0	0	29726333	0	0	29726333	0	0	45.92.84.62
5	0	0	1	0	0	29727893	0	0	29727893	0	0	106.52.49.148
5	1	1	0	1	29724208	0	29724208	29724208	0	29724208	704	130.12.182.119
5	0	0	1	0	0	29732130	0	0	29732130	0	0	43.159.135.203
5	0	0	0	8	0	0	29730492	0	0	29730428	0	91.92.241.196
5	0	0	1	0	0	29730006	0	0	29730006	0	0	34.23.133.224
5	0	0	2	0	0	29731826	0	0	29726270	0	0	103.131.71.55
5	0	0	1	0	0	29732197	0	0	29732197	0	0	103.131.71.54
5	0	0	1	0	0	29731615	0	0	29731615	0	0	45.92.84.52
5	0	0	1	0	0	29728192	0	0	29728192	0	0	45.130.105.220
5	1	0	0	0	29723839	0	0	29723839	0	0	87	13.63.159.101
5	1	1	0	0	29724664	0	0	29724664	0	0	704	43.135.183.82
5	1	1	0	0	29724759	0	0	29724759	0	0	704	185.247.137.69
5	1	1	0	0	29723944	0	0	29723944	0	0	702	43.131.45.213
5	0	0	1	0	0	29727357	0	0	29727357	0	0	170.106.181.163
5	0	0	6	1	0	29726216	29726216	0	29726216	29726216	0	34.201.105.154
5	1	1	0	0	29724014	0	0	29724014	0	0	704	43.157.150.69
5	0	0	1	0	0	29728281	0	0	29728281	0	0	49.232.104.223
5	0	0	1	0	0	29729224	0	0	29729224	0	0	82.102.18.188
5	0	0	52	36	0	29725653	29724671	0	29725652	29724671	0	20.48.255.163
5	0	0	1	0	0	29729467	0	0	29729467	0	0	3.85.166.141
5	0	0	2	0	0	29726502	0	0	29726044	0	0	165.22.217.9
5	1	1	0	0	29724046	0	0	29724046	0	0	706	107.170.22.250
5	1	1	0	1	29724759	0	29724759	29724759	0	29724759	1365	104.152.52.214
5	2	0	0	0	29723872	0	0	29723839	0	0	174	18.142.137.195
5	0	0	1	0	0	29725536	0	0	29725536	0	0	43.160.241.129
5	2	2	0	0	29724044	0	0	29724033	0	0	1410	68.183.50.179
5	0	0	1	0	0	29726029	0	0	29726029	0	0	185.247.137.35
5	1	1	0	0	29724710	0	0	29724710	0	0	700	192.36.109.78
5	1	1	0	0	29723903	0	0	29723903	0	0	706	138.197.85.111
5	1	1	0	0	29723933	0	0	29723933	0	0	704	43.159.34.167
5	1	1	0	0	29724887	0	0	29724887	0	0	704	43.164.0.96
5	0	0	1	0	0	29731404	0	0	29731404	0	0	43.165.167.69
5	0	0	1	0	0	29726386	0	0	29726386	0	0	124.221.163.189
5	0	0	2	0	0	29729003	0	0	29726882	0	0	150.109.119.38
5	0	0	1	0	0	29730453	0	0	29730453	0	0	185.220.101.1
5	0	0	7	0	0	29725687	0	0	29725687	0	0	34.65.212.30
5	1	1	0	0	29725181	0	0	29725181	0	0	21922	136.66.142.57
5	0	0	1	0	0	29726718	0	0	29726718	0	0	64.89.163.197
5	1	0	0	0	29723873	0	0	29723873	0	0	406	34.123.170.104
5	0	0	0	25	0	0	29724557	0	0	29724557	0	191.237.255.150
5	0	0	1	0	0	29731268	0	0	29731268	0	0	100.60.47.174
5	1	0	0	0	29723872	0	0	29723872	0	0	87	13.49.227.136
5	0	0	1	0	0	29730060	0	0	29730060	0	0	54.183.138.117
5	1	1	0	0	29723914	0	0	29723914	0	0	702	43.131.39.179
5	0	0	1	0	0	29727108	0	0	29727108	0	0	43.135.148.92
5	0	0	126	0	0	29727154	0	0	29727152	0	0	52.141.2.36
5	1	1	0	0	29724420	0	0	29724420	0	0	704	43.153.96.79
5	0	0	1	0	0	29729404	0	0	29729404	0	0	162.14.81.106
5	0	0	0	18	0	0	29723940	0	0	29723940	0	52.138.1.81
5	1	1	0	1	29725052	0	29725052	29725052	0	29725052	1372	104.152.52.148
5	0	0	1	0	0	29725935	0	0	29725935	0	0	91.233.0.6
5	0	0	2	0	0	29725915	0	0	29725915	0	0	72.13.62.2
5	1	1	0	0	29723984	0	0	29723984	0	0	708	43.166.128.86
5	0	0	2	0	0	29729773	0	0	29727830	0	0	43.157.153.236
5	1	1	0	0	29724847	0	0	29724847	0	0	700	43.153.113.127
5	0	0	1	0	0	29729730	0	0	29729730	0	0	47.254.47.156
5	0	0	2	0	0	29727523	0	0	29725927	0	0	141.98.11.224
5	1	1	0	2	29724730	0	29724754	29724730	0	29724730	700	54.241.206.42
5	1	0	0	0	29723839	0	0	29723839	0	0	87	34.222.105.110
5	0	0	1	0	0	29731282	0	0	29731282	0	0	54.160.175.252
5	0	0	1	0	0	29728769	0	0	29728769	0	0	45.92.86.26
5	0	0	2	0	0	29728565	0	0	29728565	0	0	51.68.32.135
5	1	1	0	0	29725153	0	0	29725153	0	0	21922	34.6.16.167
5	0	0	1	0	0	29727306	0	0	29727306	0	0	129.226.195.146
5	0	0	1	0	0	29729007	0	0	29729007	0	0	103.131.71.231
5	0	0	1	0	0	29729268	0	0	29729268	0	0	43.164.0.21
5	0	0	0	1	0	0	29723963	0	0	29723963	0	103.131.71.228
5	0	0	1	0	0	29729002	0	0	29729002	0	0	162.14.114.97
5	0	0	1	0	0	29731282	0	0	29731282	0	0	35.171.113.121
5	0	0	1	0	0	29729161	0	0	29729161	0	0	198.20.67.197
5	0	0	1	0	0	29725338	0	0	29725338	0	0	136.66.21.63
5	0	0	0	151	0	0	29724889	0	0	29724888	0	20.239.138.239
5	0	0	1	0	0	29727521	0	0	29727521	0	0	103.131.71.223
5	0	0	1	0	0	29727697	0	0	29727697	0	0	34.143.196.40
5	0	0	1	0	0	29729508	0	0	29729508	0	0	43.130.47.33
5	1	1	0	0	29723839	0	0	29723839	0	0	706	167.172.35.184
5	0	0	1	0	0	29730725	0	0	29730725	0	0	103.131.71.188
5	0	0	1	0	0	29725842	0	0	29725842	0	0	45.92.86.6
5	0	0	1	0	0	29725791	0	0	29725791	0	0	45.92.86.5
z	0	1	1	29724134	0
z	2	22	0	29723872	1753
z	3	108	94	29725105	70278
z	4	34	17	29727721	65564
z	5	2	2	29725181	43844
c	200	167	29727721
c	301	1071	29732392
c	403	20	29731477
c	404	546	29726583
